1627643483.415083408356 0.168326350538 -0.040333825434 0.882907491078 0.004070034212 0.002804759916 0.011521616360 0.999921407161
1627643483.515028953552 0.154764602329 -0.028594655973 0.874973356999 0.003171081214 0.004812488917 0.010568933939 0.999927538290
1627643483.615931749344 0.141072963473 -0.016743052017 0.866963231993 0.002263499826 0.006839419295 0.009607065395 0.999927899004
1627643483.715427398682 0.151010180957 -0.017810654417 0.870584394063 0.001438724131 0.007892572347 0.007748003613 0.999937800973
1627643483.815896034241 0.161044576315 -0.018888697096 0.874240968143 0.000605875159 0.008955982347 0.005870720515 0.999942477314
1627643483.915801525116 0.144047309962 -0.017005101926 0.887247952853 -0.001362251668 0.002354612184 0.005715697324 0.999979965237
1627643484.015996932983 0.127000719029 -0.015116040727 0.900292682695 -0.003336024778 -0.004266026550 0.005559951730 0.999969878993
1627643484.116240978241 0.109945853248 -0.013226062529 0.913343744779 -0.005310596571 -0.010889675195 0.005403864836 0.999912001520
1627643484.216394901276 0.118152614158 -0.016556804797 0.920257138630 -0.000942856851 -0.010854894337 0.005112944390 0.999927567422
1627643484.316805362701 0.126380396205 -0.019896078566 0.927188240734 0.003436088644 -0.010819815576 0.004821180416 0.999923937660
1627643484.416800498962 0.129442444722 -0.021035874009 0.937707557274 0.002825370653 -0.007364366617 0.005278967649 0.999954956928
1627643484.517295837402 0.132519810418 -0.022181371012 0.948279494224 0.002211562051 -0.003891539736 0.005738978238 0.999973514170
1627643484.617189168930 0.140528895053 -0.018373852281 0.945507931575 0.001156542055 -0.001953227516 0.004800341040 0.999985901920
1627643484.717524766922 0.148573439006 -0.014549476191 0.942724098144 0.000096844389 -0.000006322346 0.003857520348 0.999992555031
1627643484.818214416504 0.178497058451 -0.016213283563 0.943767163722 0.000127841298 0.000151154873 -0.002730016944 0.999996253901
1627643484.917788505554 0.208089148202 -0.017858657286 0.944798672971 0.000158489332 0.000306880941 -0.009244454069 0.999957209472
1627643485.018373489380 0.237981662381 -0.019520735149 0.945840654294 0.000189441673 0.000464174715 -0.015824627467 0.999874657054
1627643485.118236303329 0.267659557316 -0.021170879795 0.946875154506 0.000220163668 0.000620319286 -0.022356879545 0.999749837044
1627643485.218806266785 0.297547607643 -0.022832709460 0.947916980230 0.000251093706 0.000777542758 -0.028934422146 0.999580978007
1627643485.319155216217 0.327369975552 -0.024490887065 0.948956516422 0.000281944930 0.000934387146 -0.035496260792 0.999369332578
1627643485.418779611588 0.356977015669 -0.026137092054 0.949988546805 0.000312561374 0.001090059218 -0.042009207025 0.999116580085
1627643485.518972635269 0.386753044528 -0.027792693123 0.951026467729 0.000343339164 0.001246573076 -0.048557525787 0.998819550701
1627643485.619200468063 0.416539418189 -0.029448869382 0.952064749249 0.000374112878 0.001403087686 -0.055106030758 0.998479452347
1627643485.719365119934 0.446307015325 -0.031104001633 0.953102376264 0.000404851113 0.001559443326 -0.061648039146 0.998096650381
1627643485.819530487061 0.476074825024 -0.032759145702 0.954140010688 0.000435572171 0.001715733073 -0.068187445215 0.997670957206
1627643485.919789314270 0.505870409812 -0.034415834116 0.955178613285 0.000466303149 0.001872094816 -0.074730018697 0.997201936484
1627643486.022171974182 0.536297169323 -0.036107616987 0.956239217119 0.000497664391 0.002031685624 -0.081407864597 0.996678676488
1627643486.120116233826 0.565404895534 -0.037726059220 0.957253842617 0.000527645198 0.002184272729 -0.087792802133 0.996136222831
1627643486.220788002014 0.595323200868 -0.039389571118 0.958296722958 0.000558438292 0.002341015425 -0.094351782944 0.995536010825
1627643486.320505142212 0.624957803509 -0.041037308634 0.959329714104 0.000588915496 0.002496171644 -0.100844531223 0.994898890756
1627643486.421102523804 0.669488376530 -0.054080001485 0.970517876303 0.004456081361 0.004918010940 -0.109291173279 0.993987623641
1627643486.520903587341 0.704321463194 -0.056984463889 0.968472169986 0.002628736194 0.001265279595 -0.119315777723 0.992852070552
1627643486.621112823486 0.760528567484 -0.073604322802 0.968982900017 0.005205928381 0.004601888659 -0.132582224189 0.991147655377
1627643486.721676826477 0.800741633661 -0.071092459701 0.975589267641 0.005976956139 0.000472158271 -0.134855247701 0.990847170471
1627643486.821500778198 0.841158408613 -0.074581897359 0.978269337143 0.003907795693 0.002013528754 -0.149057519755 0.988818755202
1627643486.923070907593 0.883996157367 -0.081425258723 0.977633321288 0.002353128116 0.005140337711 -0.144291967816 0.989519008276
1627643487.023270606995 0.924036064825 -0.108702728159 0.981809397613 0.006980785773 0.005224872178 -0.156481820925 0.987642348758
1627643487.122249841690 0.962383614122 -0.112208129954 0.981449390060 0.004713387905 0.003970640911 -0.152097557735 0.988346270755
1627643487.222271442413 1.001037504362 -0.123077950118 0.976695000552 0.006251234606 0.003306865565 -0.160803230292 0.986961148087
1627643487.322470903397 1.047816641446 -0.126368404954 0.970940462710 0.002177194941 0.004271690368 -0.154672656672 0.987954139503
1627643487.423319816589 1.088575762793 -0.140931137228 0.972327095466 0.004774435977 -0.000110070454 -0.159962636812 0.987111517241
1627643487.525498390198 1.141747441232 -0.151608116084 0.973549566135 0.004292697519 0.006106602737 -0.151171456728 0.988479373999
1627643487.623060941696 1.151487171383 -0.171991812728 0.967747270050 0.008344329086 -0.005349564615 -0.148548342050 0.988855471950
1627643487.723336696625 1.227558055004 -0.181979163061 0.968639526902 0.006513142001 0.009641647663 -0.134314431616 0.990870451205
1627643487.825665712357 1.249281799280 -0.189715441957 0.959038247491 0.005684906205 -0.002001696869 -0.125175512338 0.992116306772
1627643487.923901557922 1.318733488183 -0.201485454255 0.955019896874 0.004756791871 0.005130254924 -0.110708073033 0.993828343317
1627643488.023880481720 1.356057415048 -0.220919202187 0.949065852419 0.007641926550 0.003512325145 -0.100908212276 0.994860189788
1627643488.124881267548 1.401037912805 -0.227079197310 0.955163270307 0.006780261731 0.002247205243 -0.079900315797 0.996777265820
1627643488.224380493164 1.445766092606 -0.239451535959 0.955158087562 0.007139539215 0.003369784566 -0.070263957379 0.997497191888
1627643488.324687957764 1.482627057063 -0.246039932926 0.957070866083 0.006576291443 0.001109883699 -0.053581600003 0.998541202300
1627643488.424621582031 1.529551585481 -0.256467543811 0.951016556390 0.007769083060 0.001126355038 -0.038670785429 0.999221168224
1627643488.525244235992 1.585704451367 -0.263168185982 0.946363871542 0.004772940440 0.001859504280 -0.019725105152 0.999792319189
1627643488.625009059906 1.630861211310 -0.273930582264 0.950246359581 0.006616195471 0.002837070609 -0.008871433447 0.999934735198
1627643488.725213527679 1.663053886165 -0.279609324154 0.941275057856 0.008531145741 -0.000165001732 0.010068466258 0.999912905364
1627643488.826128005981 1.709639850909 -0.270354840779 0.940752357881 0.006266398687 0.001561976544 0.025275848780 0.999659654055
1627643488.925606250763 1.758162507365 -0.275940338185 0.939461804551 0.006124148464 0.002158892969 0.040975143647 0.999139065191
1627643489.025793552399 1.800046771181 -0.267326422858 0.946365814625 0.003551885438 0.000383904659 0.053988105546 0.998535187756
1627643489.125991344452 1.848663156073 -0.271214019646 0.945937309594 0.005192938939 0.002966896000 0.073337459918 0.997289249860
1627643489.226182937622 1.884347693474 -0.263445864155 0.947859787342 0.000775027486 0.000332901087 0.084332702829 0.996437295439
1627643489.326396465302 1.923125934675 -0.279287860765 0.946329066019 0.004612907073 -0.000195528679 0.104833409450 0.994479079277
1627643489.426579475403 1.969962603442 -0.286830968251 0.951145459165 0.006066845305 0.001838259161 0.113070785241 0.993566712263
1627643489.526772499084 2.016339549698 -0.273429233740 0.952026465591 0.005253918097 0.000342671459 0.137204056911 0.990528811135
1627643489.626964807510 2.059376782572 -0.270071497370 0.954788047458 0.007059816461 -0.000500715551 0.143636681631 0.989605179840
1627643489.728238344193 2.093184993518 -0.251008621714 0.949011464501 0.001593218421 -0.001072098551 0.159840467483 0.987140991558
1627643489.827455759048 2.132627937410 -0.248804754742 0.948826541671 0.003735088698 0.001637088389 0.158086507984 0.987416844624
1627643489.927631378174 2.154245003363 -0.240987749197 0.955834088825 0.003027841112 -0.002801363229 0.163789320497 0.986486717109
1627643490.028024196625 2.191863393169 -0.239760662666 0.961420564151 0.005337791375 0.002221385961 0.155835000867 0.987766179788
1627643490.128289699554 2.206410180145 -0.239072925794 0.960929610408 0.004682089346 0.001480612863 0.154343997830 0.988004967679
1627643490.228148937225 2.213672797806 -0.232245712463 0.967207480116 0.004926829813 0.001686211671 0.156247498384 0.987704207892
1627643490.336740732193 2.205550312791 -0.230193363947 0.964321945296 0.004731555429 -0.000117694812 0.153646628806 0.988114523721
1627643490.428539752960 2.191293878447 -0.230922207030 0.963553005034 0.002920882747 0.001940895634 0.162683873465 0.986672011705
1627643490.528727531433 2.167774580545 -0.240597075530 0.966190057765 0.005300936138 -0.002191093155 0.161099463846 0.986921507484
1627643490.631317377090 2.147664529260 -0.251435418882 0.968167497477 0.008339401997 0.001351359970 0.171581360459 0.985133729472
1627643490.729125499725 2.108985738576 -0.257525698672 0.958391328984 0.003916972845 -0.005451272476 0.176799486170 0.984224000237
1627643490.829955101013 2.096836743019 -0.263125089704 0.961892866486 0.006766877031 0.008054631341 0.191258968739 0.981483234277
1627643490.929722547531 2.037843961581 -0.269170868188 0.952179577359 -0.005038067168 -0.004494840515 0.196893292144 0.980401675742
1627643491.029714345932 2.016647222823 -0.305300993901 0.980890519137 0.005178311509 0.003224685924 0.211340425215 0.977393478166
1627643491.129909038544 1.968894694664 -0.307732201068 0.965673547790 -0.004119582102 -0.004494975960 0.221705141543 0.975094689991
1627643491.230105161667 1.951420655438 -0.342447582521 0.976381382035 0.004288063965 0.005913742396 0.233548395916 0.972317739694
1627643491.330314874649 1.875443552336 -0.337550479713 0.966582835232 -0.004831852490 -0.008070190503 0.250849561734 0.967980383378
1627643491.430680513382 1.872275610009 -0.369173678444 0.973291449125 0.005538030262 0.007279561855 0.263495783821 0.964617183192
1627643491.530693531036 1.802584877129 -0.388321180531 0.947142302211 -0.006360413767 -0.008282284953 0.273142122646 0.961917007714
1627643491.630897998810 1.796438889704 -0.434876229539 0.961742868744 0.009732314896 0.006010917387 0.292339642857 0.956246142023
1627643491.731091737747 1.733298605444 -0.437451901766 0.938403563080 -0.003585302861 -0.003256920888 0.296855304931 0.954910187402
1627643491.831277847290 1.730346295466 -0.482818311780 0.949737533886 0.007958946322 0.003870131457 0.308184357656 0.951285487618
1627643491.931473731995 1.684611504140 -0.482009220889 0.934740463625 -0.002782414382 -0.005710327335 0.305417158410 0.952197463597
1627643492.031731367111 1.687843486489 -0.500401387675 0.951630123010 0.003038887455 0.001318510014 0.309149090601 0.951007816201
1627643492.133651971817 1.664464200760 -0.507409033681 0.947427357396 -0.000277661523 -0.007701228289 0.303053645712 0.952942339183
1627643492.232092857361 1.685100676530 -0.510542618140 0.953826350817 0.006715667340 -0.000322629763 0.309753040100 0.950793273993
1627643492.332258701324 1.677973881395 -0.499573240827 0.946003501339 0.001289638354 -0.005440723405 0.305424832762 0.952199772576
1627643492.432464599609 1.705091931376 -0.497549524118 0.947139172425 0.005296525584 0.000342099879 0.313548234447 0.949557441369
1627643492.532655715942 1.705351574411 -0.471016613711 0.941063595696 0.000603767607 -0.006004694334 0.308172722862 0.951311280284
1627643492.632878303528 1.740374260455 -0.460968664737 0.944855883343 0.006640061869 0.000667257110 0.321785088542 0.946789216847
1627643492.733095645905 1.756166435457 -0.437306955743 0.934964161846 0.001004562964 -0.003533110219 0.322349841412 0.946613483808
1627643492.834893703461 1.788501944217 -0.422820444037 0.941264366477 0.006081777703 -0.000370141864 0.337566492307 0.941281965325
1627643492.933434963226 1.805543356307 -0.402675967591 0.932031731394 0.005171027316 -0.002997928187 0.336648891545 0.941611276868
1627643493.033645153046 1.831527684175 -0.392535747811 0.937856071496 0.008696356746 -0.003079355731 0.357949169844 0.933695497877
1627643493.134292364120 1.854275503783 -0.360088050730 0.939003201444 0.003060295110 -0.002391084085 0.355119995171 0.934812658419
1627643493.234016895294 1.883829938622 -0.348573737131 0.942910687020 0.005834502121 -0.003373109874 0.380855098298 0.924610174514
1627643493.334374904633 1.918329591868 -0.313175667925 0.943341514093 0.005230388397 0.000078375289 0.376660232624 0.926336713110
1627643493.434992313385 1.941310697800 -0.284904188692 0.931118842445 0.002357021264 -0.004015011038 0.402846280401 0.915255810418
1627643493.535764217377 1.983685890238 -0.258109628504 0.942997468404 0.004398739072 -0.000006837454 0.405488850241 0.914089406665
1627643493.635682821274 2.012243254829 -0.240643436298 0.944379749156 0.004686574580 -0.002465408125 0.428524127399 0.903514820032
1627643493.735898256302 2.046632624624 -0.213225720662 0.951613129928 0.004281891934 -0.001709132580 0.433394350008 0.901192588545
1627643493.835191965103 2.078592523332 -0.189574580366 0.955005970616 0.006310139065 -0.002093823050 0.448240888102 0.893888082639
1627643493.935585021973 2.103399526757 -0.147442203513 0.952952798075 0.002558976904 -0.002556371358 0.458291933920 0.888794363116
1627643494.035599231720 2.124864800269 -0.113347042197 0.949051891865 0.000926444673 -0.006824298746 0.475494446618 0.879691765269
1627643494.135783672333 2.155996764347 -0.088496453925 0.945732487025 0.004823612675 -0.004682672976 0.486416920147 0.873700970086
1627643494.236422538757 2.186805438887 -0.053207706282 0.947814777006 0.004179505586 -0.002749593767 0.499412885166 0.866349664741
1627643494.336855411530 2.217290576326 -0.023527135937 0.951172377425 0.006698703086 -0.004246864175 0.512885644828 0.858420297320
1627643494.436372756958 2.234292723409 0.015148594212 0.953725079159 0.004987239373 -0.002792817724 0.526231460590 0.850322161006
1627643494.536628246307 2.256222259390 0.048756708593 0.953120330840 0.006255834196 -0.006108234672 0.537358892821 0.843308350672
1627643494.636760950089 2.277372984760 0.095809391276 0.956751864392 0.005643802898 -0.004094205074 0.554678851280 0.832035309897
1627643494.737103700638 2.288772505761 0.142413786724 0.953876577688 0.003073870779 -0.005505884460 0.563968574236 0.825772174288
1627643494.837153673172 2.302176706761 0.173139355267 0.953297193308 0.007744796245 -0.003452501192 0.578361708786 0.815736374190
1627643494.937463283539 2.314776790332 0.213150664706 0.950216595669 0.002835789588 -0.008491232134 0.589152752122 0.807972086115
1627643495.037887334824 2.348134790010 0.247190002849 0.954300820614 0.006425262614 -0.005115957695 0.602156790665 0.798335607645
1627643495.137927532196 2.369013230907 0.295582691654 0.949160475194 0.004932453161 -0.005362884756 0.616937593930 0.786978345044
1627643495.238081455231 2.384552969415 0.338285190921 0.956470007019 0.005817314884 -0.004858652340 0.626972978780 0.779004131070
1627643495.338209152222 2.389314903845 0.377731740668 0.956950448285 0.004056334272 -0.007820377912 0.641060010510 0.767440193609
1627643495.438335895538 2.412172017522 0.424648165538 0.953205871999 0.004780729521 -0.005554707275 0.652703714260 0.757577818606
1627643495.539577245712 2.403394116445 0.466992498162 0.944821064904 0.001917710443 -0.005843283268 0.668340798212 0.743829789584
1627643495.638876914978 2.418746403609 0.506967706980 0.949815130598 0.003639339809 -0.004361257174 0.674923814515 0.737865556346
1627643495.738986015320 2.444363302898 0.541610748598 0.949166028615 0.001695646134 0.001483540474 0.681921615341 0.731421789683
1627643495.839113473892 2.437081861069 0.567465205511 0.949319510078 -0.000824734232 -0.003624672145 0.679539485310 0.733629517857
1627643495.939308166504 2.454819981806 0.578922704782 0.956917521477 0.002324269178 -0.002174043091 0.679281026069 0.733871350396
1627643496.039520978928 2.445108748997 0.612650569560 0.943683012546 -0.006192662839 -0.001551752172 0.678315074000 0.734743426903
1627643496.139948368073 2.443404724515 0.614141675362 0.955834110405 -0.003448578760 0.000744350298 0.678424442756 0.734661710394
1627643496.239893436432 2.441851453729 0.609981508177 0.954750823565 -0.002286320021 -0.002950583037 0.677562398555 0.735455819791
1627643496.340364456177 2.438548546705 0.603362602012 0.955238243977 -0.003427092064 -0.002273449692 0.679625461314 0.733547761772
1627643496.441539764404 2.442988890678 0.583707807429 0.953564218175 -0.001536759476 -0.000802990421 0.683873915773 0.729598150287
1627643496.540578842163 2.440398429516 0.563181145417 0.955079077784 -0.001321306037 -0.003940060846 0.684749894028 0.728766294980
1627643496.641642093658 2.442887350333 0.533009176813 0.953822472202 0.001321868427 -0.003527967804 0.690574309754 0.723251635888
1627643496.740874290466 2.440870881980 0.504993981812 0.955110320595 0.002230389159 -0.004912989715 0.695900276567 0.718118160869
1627643496.841077327728 2.435042014306 0.472449137629 0.958586347524 0.002323153039 -0.006234309990 0.701060175954 0.713071080630
1627643496.941293001175 2.432171820013 0.438059791516 0.958419518466 -0.000077726859 -0.006550898909 0.711627393111 0.702526535481
1627643497.041557550430 2.442856196572 0.405211957501 0.960335856248 0.000898651996 -0.005762336267 0.714618181410 0.699490416449
1627643497.141742706299 2.441573244538 0.352531158461 0.960987995700 0.003015163979 -0.008912758164 0.725298294501 0.688370434811
1627643497.241856098175 2.447525736709 0.326438325469 0.961125339423 0.001960125839 -0.005250142844 0.730331895571 0.683069481253
1627643497.342161655426 2.454458629755 0.284646303529 0.961567856211 0.000513664897 -0.005944742472 0.741491571908 0.670935648907
1627643497.442300319672 2.453866308705 0.248529951102 0.957757367322 0.000103670229 -0.006680754018 0.747962770698 0.663707051664
1627643497.542439460754 2.458305433132 0.200078981401 0.959632373573 -0.000680436504 -0.006921688567 0.758658815282 0.651451018288
1627643497.642771482468 2.463950337856 0.158778285476 0.961967787578 0.000847226697 -0.006855829011 0.765529884396 0.643363253468
1627643497.742874383926 2.466982414868 0.118645898407 0.965196996645 -0.002767084458 -0.007964363779 0.776141520671 0.630502380680
1627643497.843060016632 2.484907197975 0.072737429749 0.975838791818 0.000021233698 -0.006322188261 0.782954109241 0.622047339281
1627643497.943233013153 2.487302452516 0.033484255987 0.965741190618 -0.003585609712 -0.008303187872 0.793172614253 0.608929720471
1627643498.043687820435 2.509662851756 -0.003818466844 0.969961512407 -0.001066677695 -0.006571380401 0.800327737971 0.599525805110
1627643498.143700122833 2.517007709422 -0.050744772915 0.960443744008 -0.005534677269 -0.009555781728 0.808401886780 0.588527351815
1627643498.243871212006 2.553304804390 -0.100178475365 0.966716588049 0.001530698005 -0.006029121660 0.815732148423 0.578396376792
1627643498.344054222107 2.561341317788 -0.140170284538 0.961209233759 -0.004204817308 -0.007923173376 0.824327360507 0.566042353146
1627643498.444227695465 2.596580395596 -0.187315367681 0.967350199821 0.003401604603 -0.006730705567 0.831992980155 0.554734898543
1627643498.544943571091 2.602047754910 -0.222325154175 0.952504533297 -0.001808143979 -0.009675490555 0.841126877476 0.540748269979
1627643498.645643234253 2.612348978802 -0.260970182170 0.950333342551 0.000868701221 -0.008710934193 0.846294265571 0.532643765613
1627643498.745704412460 2.630486101871 -0.293081481080 0.939284324840 0.002525047819 -0.008416712169 0.849711310145 0.527174992295
1627643498.844993114471 2.661441881598 -0.314491549705 0.940114858750 0.004475887377 -0.006597652913 0.849035791566 0.528275176445
1627643498.945377826691 2.675878357246 -0.330616752194 0.940530743878 0.006416210667 -0.005192319514 0.850127608548 0.526512033332
1627643499.046215534210 2.670033107121 -0.341361249182 0.938372309400 0.001945308635 -0.008193338078 0.850109079188 0.526539303820
1627643499.145653724670 2.675097811124 -0.345991734597 0.950912308005 0.006795876907 -0.009267598774 0.849107910927 0.528094388600
1627643499.246108055115 2.668644796732 -0.336669425827 0.941711400588 0.004253362688 -0.009392521492 0.850193820791 0.526368840770
1627643499.345965147018 2.674064903289 -0.318723208040 0.941553157927 0.005925270948 -0.006887880661 0.851912527103 0.523605284952
1627643499.446561336517 2.664848771907 -0.297299307201 0.939063241609 0.004963071703 -0.006215428834 0.852002248749 0.523477702000
1627643499.546354770660 2.650746733255 -0.280356530382 0.937340832749 0.005188898301 -0.006989538445 0.855181019781 0.518256350751
1627643499.646554470062 2.631619636755 -0.256734467320 0.943334133099 0.003262775668 -0.008404513199 0.859088727760 0.511747277753
1627643499.747159481049 2.623321594356 -0.229219729178 0.952063899803 0.005220219586 -0.007551406366 0.862251295927 0.506397500233
1627643499.847217321396 2.605703229453 -0.195560195960 0.948902099270 0.001923826122 -0.008092724244 0.868150256876 0.496231738398
1627643499.947241544724 2.587145188267 -0.168636843342 0.948685812931 0.002472801643 -0.008663541536 0.873113143052 0.487434372741
1627643500.047337532043 2.569332543576 -0.137905002898 0.950994390363 0.000939409660 -0.008519563827 0.878436017831 0.477783106774
1627643500.147758960724 2.553569453532 -0.107542861299 0.959265243513 0.002153128240 -0.007819889491 0.883438018550 0.468477833785
1627643500.247734069824 2.538638716045 -0.065157848529 0.964119163886 0.000063039746 -0.009107871319 0.889394568784 0.457049607509
1627643500.347958326340 2.519193887211 -0.037485840126 0.966024701367 0.000810336906 -0.010141544355 0.894841474700 0.446268111776
1627643500.448225498199 2.498358407932 -0.010316337789 0.966140504743 0.000576676541 -0.010603980976 0.900203962723 0.435339004144
1627643500.548317432404 2.485559045349 0.018311232279 0.965830802236 -0.000350041763 -0.010407298225 0.906363669185 0.422370056699
1627643500.648518085480 2.462683514678 0.056777903923 0.974510159525 0.000349114632 -0.010534362492 0.911078884318 0.412097284480
1627643500.748712539673 2.440954946170 0.083144290932 0.968590670188 0.000798518214 -0.010118973540 0.917157833814 0.398394875238
1627643500.853689908981 2.417185849016 0.109331284650 0.969437443140 0.001974218223 -0.011017955464 0.921441530458 0.388355781555
1627643500.949493408203 2.383130659759 0.136617494534 0.959454550573 -0.001997284066 -0.012534886003 0.926034307616 0.377225858879
1627643501.049782514572 2.369314721381 0.159116668635 0.967655591005 0.002859827888 -0.011413765405 0.931076628106 0.364633871079
1627643501.149785995483 2.329040584110 0.197347771267 0.960734239169 -0.003110395757 -0.009817540416 0.935932383455 0.352029139333
1627643501.250070095062 2.312100687578 0.222976474516 0.966131137247 0.002288947375 -0.007743244631 0.940503093262 0.339689173286
1627643501.349904775620 2.275325722596 0.256237787036 0.954655364596 0.000040480019 -0.009379342502 0.946042035564 0.323908155564
1627643501.450107574463 2.243143059528 0.283084707404 0.950815835058 -0.002484251588 -0.010784663812 0.949778931599 0.312725919315
1627643501.550277233124 2.211119039638 0.300137491393 0.954072396213 -0.003419266647 -0.012999885752 0.953449997539 0.301251412908
1627643501.651096343994 2.186742025388 0.328007193256 0.962939660894 0.001193289338 -0.012230814294 0.958327803906 0.285406383080
1627643501.750867843628 2.155828645385 0.365753710030 0.956704290240 -0.001051298895 -0.010628043975 0.961690754061 0.273928518059
1627643501.853487253189 2.123197815597 0.391845543311 0.964602276245 0.000742412963 -0.009094018458 0.965482287300 0.260308856094
1627643501.952364444733 2.083183635747 0.407147035079 0.954444555177 -0.002275195527 -0.009956076127 0.968359866732 0.249348889182
1627643502.051290035248 2.055722467871 0.414059495989 0.959371880825 -0.004200003322 -0.013480211279 0.972370638347 0.233014989981
1627643502.151934623718 2.031828969482 0.435759114045 0.964599202233 -0.003158689683 -0.011955075242 0.974936409129 0.222139814102
1627643502.251710414886 1.998009043269 0.465706491642 0.966308732079 -0.005098983513 -0.010622223683 0.978199746024 0.207331680190
1627643502.351845264435 1.960428593399 0.491249080026 0.973515521314 -0.004626644460 -0.009086370457 0.980770536484 0.194897888129
1627643502.452081680298 1.931323058161 0.504835242058 0.978742732936 -0.002213216964 -0.008884083881 0.983328863824 0.181605397209
1627643502.552246093750 1.896874942993 0.513427954699 0.972541872886 -0.003266327097 -0.010116207730 0.985318159110 0.170396944742
1627643502.652434825897 1.858713271760 0.527953581542 0.974815670566 -0.002272302180 -0.011245826232 0.987626004819 0.156407297273
1627643502.753995418549 1.810339804500 0.541829651179 0.976211600077 -0.005608812213 -0.012814368889 0.990106239922 0.139620796600
1627643502.853106737137 1.783083904331 0.568134474464 0.983530965467 -0.000172531600 -0.009094920052 0.992184450907 0.124447852698
1627643502.953012466431 1.749641315917 0.575314890143 0.966991836975 -0.004618002678 -0.012984469111 0.993245818976 0.115207728472
1627643503.053220033646 1.727118491585 0.581007045858 0.971945561722 0.002074333560 -0.014004897235 0.994912292331 0.099745128010
1627643503.153663635254 1.686666634998 0.591257902727 0.962602363240 -0.003215550229 -0.012362022875 0.996273466899 0.085299588397
1627643503.253605365753 1.647090669344 0.605388822445 0.967144621360 -0.001671415020 -0.012335008950 0.997017206492 0.076169179365
1627643503.353810787201 1.613196388501 0.612767343569 0.964456103935 -0.001340311557 -0.010706717320 0.998271473820 0.057772262599
1627643503.454002380371 1.575047029197 0.621472514492 0.966069418140 -0.001401763553 -0.010820667182 0.998802210584 0.047697928188
1627643503.554439067841 1.533477665304 0.620961971207 0.967397686534 -0.001396606775 -0.013588632801 0.999455719146 0.030027720764
1627643503.654901266098 1.493496035282 0.631285527053 0.966080438457 -0.002083334945 -0.013280821015 0.999726974314 0.019111680665
1627643503.755013704300 1.465614494966 0.633466248446 0.967426272396 -0.000566668712 -0.013509765076 0.999900456990 0.004030042837
1627643503.856487035751 1.420843213556 0.638903988395 0.966718994698 -0.002795725272 -0.011985205693 0.999890163293 -0.008258336118
1627643503.955147027969 1.396038650525 0.646186530086 0.966396398892 0.001018945244 -0.009868753033 0.999628852795 -0.025371758410
1627643504.055442333221 1.348586523855 0.650683999560 0.966059526575 -0.001679747974 -0.011002548791 0.999348938554 -0.034319402340
1627643504.155361890793 1.316825321687 0.647950745145 0.972498768889 -0.000935252312 -0.010759096288 0.998548963190 -0.052757324255
1627643504.255573272705 1.269331240047 0.655441450172 0.968427145632 -0.004073412549 -0.010986913409 0.998083408681 -0.060763511744
1627643504.357655525208 1.239555075114 0.640623454671 0.971131087896 -0.001405353997 -0.013931506204 0.996813736907 -0.078525868529
1627643504.455957889557 1.189090468093 0.646527767088 0.966396308991 -0.004616169054 -0.012391927640 0.995767442137 -0.090952362762
1627643504.556216716766 1.153055952547 0.648790573658 0.965843875328 -0.000791123152 -0.008818189041 0.994482480363 -0.104528512459
1627643504.657328605652 1.109599794604 0.636145425168 0.963500931989 -0.004014460513 -0.010851129706 0.993197267164 -0.115867707276
1627643504.756538867950 1.086897041162 0.626307988756 0.969153678531 -0.002251640530 -0.010266786956 0.991385240678 -0.130555841565
1627643504.856751203537 1.057901622538 0.623542688901 0.969762563535 -0.000305325476 -0.008793811523 0.989568477420 -0.143794311961
1627643504.956930637360 1.018600898268 0.610854926042 0.964513873765 -0.001386368758 -0.010705515018 0.987564701453 -0.156842055500
1627643505.057986259460 0.976254213218 0.618630150620 0.966120631405 -0.001832716758 -0.007992235438 0.985443569780 -0.169804994337
1627643505.157320976257 0.939556155094 0.601397714974 0.967582528254 -0.003749835284 -0.008676430182 0.983079801162 -0.182933766271
1627643505.257624864578 0.918126443518 0.596464248807 0.977238973705 -0.000426010891 -0.008951862205 0.980786577380 -0.194877839451
1627643505.360560417175 0.877307249838 0.581614795988 0.975326574008 -0.004582379400 -0.007750546357 0.977811389912 -0.209293613347
1627643505.457935333252 0.855153390242 0.572069065736 0.972233247840 -0.001866952016 -0.008416759312 0.975381013765 -0.220357778715
1627643505.558103084564 0.823587887548 0.562064203361 0.963836855707 -0.002593736125 -0.006122526620 0.972640768110 -0.232219128006
1627643505.658677101135 0.797370515552 0.547831727938 0.966606979713 -0.002093676194 -0.007388941285 0.971501711775 -0.236908092063
1627643505.758498907089 0.760233351006 0.538557468590 0.961791154561 -0.004888489949 -0.006646008994 0.970209006589 -0.242128925915
1627643505.858695030212 0.747628177640 0.527716199194 0.961865812260 -0.003715240484 -0.008835796943 0.970673596072 -0.240210107133
1627643505.958914279938 0.735932223357 0.511583213653 0.965298993270 -0.005567104851 -0.012522437837 0.969875967569 -0.243213493513
1627643506.059114456177 0.735674670008 0.513078468211 0.967209554066 -0.007450033149 -0.010793328405 0.970675536408 -0.240035422567
1627643506.159301042557 0.749145629438 0.518725861318 0.966690819040 -0.002001417305 -0.008768478082 0.969907866109 -0.243306061126
1627643506.259488582611 0.767676474951 0.531879705331 0.967366096523 -0.002525411009 -0.009184750836 0.970362679105 -0.241465388104
1627643506.359671831131 0.777062664893 0.544153013359 0.965939709626 -0.005796136564 -0.009327518382 0.970016171187 -0.242792153576
1627643506.459919452667 0.803128277179 0.560522681691 0.966349162424 -0.002975760916 -0.008597778490 0.969739218388 -0.243973505471
1627643506.560071468353 0.837028513369 0.580011471371 0.966564206041 -0.003183576382 -0.008655061733 0.969069411653 -0.246615956796
1627643506.660274744034 0.869392532723 0.596857798748 0.962042523879 -0.002909943886 -0.008925218443 0.968394477560 -0.249246882696
1627643506.760514736176 0.909820515997 0.610598511503 0.959414456799 -0.005236105787 -0.011954401911 0.966013938200 -0.258160311965
1627643506.860673666000 0.956782908044 0.633566878645 0.963939046806 -0.002285384764 -0.012482917988 0.965123270832 -0.261488098915
1627643506.960846900940 0.992441722191 0.661671415170 0.964056015749 -0.003101762605 -0.011811823369 0.962118936556 -0.272356405870
1627643507.061135292053 1.034315843097 0.701484869668 0.960922587488 -0.000818708559 -0.009593296710 0.959693899154 -0.280882392294
1627643507.161244630814 1.078582294153 0.722548217840 0.964189503769 -0.001332419197 -0.011340988537 0.957168645084 -0.289305705968
1627643507.261441230774 1.128390467137 0.740052799150 0.955325309386 -0.001467928312 -0.015260719464 0.953311601464 -0.301598982330
1627643507.361626386642 1.176773332219 0.765519073665 0.953173347903 -0.003406163538 -0.014804372140 0.952007955008 -0.305696061827
1627643507.461827754974 1.230333861136 0.808654510498 0.958883532171 0.000001019908 -0.012188188952 0.953858543817 -0.300008877262
1627643507.562053918839 1.269897342097 0.835540068879 0.952997211058 -0.006755527257 -0.011180026275 0.956624351824 -0.291031303060
1627643507.662225723267 1.337567857354 0.871402914601 0.963316189959 0.000753013409 -0.011689148328 0.960494603211 -0.278051998706
1627643507.762621402740 1.372905773557 0.882992773886 0.959720174936 -0.010151982125 -0.013358687523 0.963042802599 -0.268825302172
1627643507.862663507462 1.442408347069 0.930824471685 0.972015534434 0.004479490399 -0.010137921145 0.967988711772 -0.250748899503
1627643507.962829351425 1.478600809646 0.950368908897 0.966422375553 -0.005826348821 -0.009744781386 0.969850671389 -0.243435346862
1627643508.063019752502 1.538549760397 0.990649010439 0.972614374247 0.001789295050 -0.011297218439 0.973791664886 -0.227154054944
1627643508.163199901581 1.582541367106 1.005816571751 0.968141284262 -0.003026944061 -0.012838328615 0.972796555068 -0.231285272717
1627643508.263396263123 1.627762482731 1.047502551381 0.980319218507 0.001159408071 -0.012795624982 0.973691281687 -0.227508715703
1627643508.363587856293 1.660893232836 1.062065360931 0.975770368269 -0.001687254672 -0.014453741912 0.972519824743 -0.232364870404
1627643508.463798522949 1.692990244408 1.090352574460 0.980836588254 -0.000850293108 -0.013497142269 0.972246379492 -0.233568152190
1627643508.563990831375 1.726891141994 1.099202676358 0.978378170304 -0.002955103559 -0.014890031306 0.970113944388 -0.242174501621
1627643508.664195060730 1.762509807563 1.116570809180 0.983821272303 -0.003353935906 -0.015271249228 0.969798024307 -0.243407748666
1627643508.764765739441 1.797902110130 1.124860106783 0.982962562319 -0.003852712003 -0.017290449800 0.967260456636 -0.253166755291
1627643508.864665985107 1.834562789763 1.152054329549 0.982808296503 0.000565233356 -0.014001899733 0.967622347560 -0.252013134215
1627643508.964766979218 1.843663816251 1.166732906752 0.972276178864 -0.007621818864 -0.011182606532 0.964576471902 -0.263456043852
1627643509.064971208572 1.886285604081 1.194506675568 0.980915937673 0.002128621972 -0.012940075517 0.964825224360 -0.262564867895
1627643509.165338277817 1.903407423615 1.195761432440 0.972739247208 -0.006946940908 -0.015710320813 0.961261034050 -0.275103889922
1627643509.265529632568 1.929941218381 1.228684671252 0.980279240470 -0.000080794527 -0.012263774975 0.962211306415 -0.272027563130
1627643509.365706920624 1.956946515634 1.228483541221 0.968084451119 -0.004046547357 -0.016002231076 0.957901478859 -0.286622244172
1627643509.465880870819 1.990213867765 1.265129680106 0.980859010238 -0.004427882580 -0.014450962899 0.959523526011 -0.281222628104
1627643509.565940380096 2.025426238373 1.261547817110 0.981389433161 -0.001583920543 -0.015650536714 0.954438625533 -0.297992385787
1627643509.666137695312 2.038490012191 1.286031858241 0.971724840011 -0.005190108038 -0.012251717272 0.956003510940 -0.293053314727
1627643509.766365051270 2.056972244655 1.292182223239 0.974727592835 -0.001688375493 -0.013367494547 0.952354098392 -0.304696784940
1627643509.866533994675 2.078418187436 1.310197570583 0.971159456230 -0.003898681547 -0.011870884326 0.952621316764 -0.303902137595
1627643509.966721296310 2.091918655102 1.317511858643 0.970495699274 -0.005564426399 -0.012180284022 0.949856478941 -0.312399339394
1627643510.067172527313 2.110970793034 1.347875153981 0.976000974616 -0.002597383110 -0.009379823506 0.948990961363 -0.315153022772
1627643510.167202711105 2.130908596720 1.348795057767 0.975946347930 -0.005236348388 -0.010972683419 0.947263177508 -0.320225941191
1627643510.267380237579 2.156654502851 1.357848778829 0.978150338487 -0.005345886786 -0.013648632057 0.944696279200 -0.327618797391
1627643510.367769718170 2.184545372683 1.380539425963 0.989547446075 -0.004699472409 -0.010800755330 0.944313199566 -0.328837102178
1627643510.467930316925 2.209449615504 1.392100526155 0.986867197080 -0.006648850127 -0.013637982369 0.940780918762 -0.338675451019
1627643510.568282127380 2.221148538647 1.422549924391 0.987049853583 -0.006069082943 -0.012923597610 0.941035543369 -0.338006291322
1627643510.668156147003 2.246397919989 1.430365211594 0.986315285105 -0.005447694364 -0.014267540781 0.935742686565 -0.352352642173
1627643510.769255161285 2.264111784588 1.471048463299 0.982845409225 -0.006561473278 -0.012567774982 0.936635480155 -0.350018535818
1627643510.868495464325 2.293641175777 1.482068229648 0.987612800907 -0.003904686908 -0.014772869151 0.928986853435 -0.369797163188
1627643510.968712329865 2.303724934384 1.518113842822 0.991985787359 -0.008300666615 -0.013562959885 0.929417533495 -0.368687121398
1627643511.069112062454 2.336940337622 1.537639353030 0.993429890857 -0.004185443591 -0.014996173507 0.923385290159 -0.383558604075
1627643511.169129848480 2.359344468045 1.568590976265 0.987492161144 -0.005539248640 -0.015676213647 0.920110850421 -0.391304991008
1627643511.269372463226 2.384942955048 1.599798260499 0.988708267962 -0.005770952368 -0.012724239492 0.915506518507 -0.402060448702
1627643511.369466304779 2.403573121832 1.623750792053 0.985795987516 -0.006180182885 -0.014863998597 0.911330430916 -0.411360805828
1627643511.474109172821 2.437980362740 1.660845166766 0.986093828716 -0.002759173296 -0.014614066569 0.906565865920 -0.421802260272
1627643511.569861412048 2.466688171938 1.696368523135 0.977446771224 -0.004509789145 -0.013950126027 0.902677190695 -0.430068535451
1627643511.673166751862 2.496348094802 1.728787493372 0.981122282128 -0.005887265710 -0.012564533259 0.898151849830 -0.439466411975
1627643511.770700931549 2.525215763379 1.762930497222 0.989236862538 -0.002647508230 -0.014307781413 0.893997318118 -0.447835989274
1627643511.870697498322 2.561141208835 1.788010973277 0.989537472173 -0.002307512634 -0.017436364147 0.893421709588 -0.448874478476
1627643511.970889568329 2.574491415079 1.823300070906 0.988044237777 -0.006665592293 -0.014011785879 0.892718231759 -0.450348085841
1627643512.070934295654 2.594097682002 1.858181707410 0.993811081056 -0.002001645223 -0.014891559414 0.893778405856 -0.448257064752
1627643512.171048164368 2.595851539628 1.875713261955 0.991572005117 -0.006584202697 -0.016387537797 0.893805181373 -0.448107570378
1627643512.271363258362 2.619918777042 1.884828143108 0.999422966918 -0.004095559954 -0.017987365693 0.895917447567 -0.443837366847
1627643512.371427059174 2.623679638168 1.884640400156 0.999267842593 -0.007162220283 -0.017863676086 0.895434109658 -0.444777862465
1627643512.471643447876 2.636457332506 1.886708095570 1.004621524877 -0.006050077711 -0.017716183719 0.896721271834 -0.442199608813
1627643512.571897506714 2.632915440113 1.887759105797 1.005608426233 -0.006011571882 -0.015252945065 0.895665825957 -0.444425400807
1627643512.672390937805 2.627545666018 1.883904863778 1.007062207337 -0.007127594946 -0.015600083277 0.895190334146 -0.445353904714
1627643512.772285938263 2.625442983044 1.877219517493 1.004573035192 -0.005864605948 -0.016271360528 0.894519086828 -0.446695033019
1627643512.872396469116 2.613742443036 1.878148335003 0.997549871305 -0.006826547691 -0.015513809301 0.893109539092 -0.449519822867
1627643512.972798824310 2.606125417637 1.876549087622 0.998060593714 -0.004562596588 -0.015157172352 0.894136706093 -0.447514238494
1627643513.072796821594 2.599674217202 1.865869758081 0.992735136946 -0.006106725034 -0.015204970639 0.891649437087 -0.452429881993
1627643513.173307895660 2.600610358536 1.865709631976 1.001235563851 -0.004028393026 -0.014669967683 0.892914931998 -0.449968319232
1627643513.273728847504 2.594069595604 1.845394372909 0.997645100635 -0.008517413840 -0.017881418327 0.890141365249 -0.455253839536
1627643513.373445034027 2.590569995054 1.857268070244 1.005500490716 -0.004761665916 -0.013986477117 0.891931162023 -0.451929759153
1627643513.473691701889 2.582041448605 1.831935311121 1.000538439308 -0.008638140305 -0.014611883772 0.887454442768 -0.460582769322
1627643513.573781490326 2.578622992510 1.831400873243 1.006670595760 -0.005198519759 -0.014890258045 0.891144813825 -0.453444788701
1627643513.673976421356 2.574030450935 1.793353200521 1.005262488852 -0.008407147237 -0.020303793172 0.882653335830 -0.469510558567
1627643513.774319171906 2.556582835689 1.810157294719 1.008897967715 -0.001462010332 -0.014492688470 0.885673060543 -0.464080870468
1627643513.874404191971 2.551927444098 1.760249446777 1.000643489381 -0.007940414078 -0.013819942381 0.876751374014 -0.480679713720
1627643513.974619388580 2.535813664539 1.756958351366 1.014035300777 -0.004061301224 -0.011800249159 0.878507868224 -0.477564849440
1627643514.074792385101 2.518401319821 1.694933528406 1.007651319739 -0.006659085968 -0.013608375243 0.870252196970 -0.492373417607
1627643514.174990653992 2.486693149111 1.684672196890 0.998959952047 -0.006491300376 -0.010702301422 0.869610404113 -0.493579850503
1627643514.275140762329 2.474068596920 1.624703647416 1.001131394557 0.004946034552 0.013964082802 -0.860562996516 0.509128539921
1627643514.375502586365 2.433906079312 1.617580905719 0.985810032252 0.004338117565 0.010796769543 -0.861524714561 0.507582285648
1627643514.475624084473 2.411799391413 1.577063399691 0.989983290001 0.002073511644 0.012787061995 -0.859116303388 0.511616427462
1627643514.576319932938 2.379637905665 1.540134016951 0.983998698843 0.005729973920 0.014188617196 -0.859760070834 0.510468873821
1627643514.675927162170 2.351443960128 1.508351044970 0.995891027169 0.005170611846 0.011906879953 -0.861997393153 0.506746470319
1627643514.776130676270 2.327040767564 1.462953088710 0.992968979361 0.009034025947 0.012422411908 -0.864801998912 0.501878045680
1627643514.877039909363 2.313725430108 1.419165467659 0.990262354157 -0.004164982706 -0.014403920055 0.867497274971 -0.497215906748
1627643514.976511478424 2.290233892468 1.373334143315 0.989733900717 -0.005328855318 -0.015324611906 0.872258009848 -0.488776762773
1627643515.076749086380 2.270964217280 1.332239912205 0.987248181456 -0.004506108637 -0.014771819410 0.872875772314 -0.487698036128
1627643515.177035093307 2.246790480717 1.304559994547 0.984500614367 -0.005947665947 -0.011954237351 0.878652306738 -0.477275439702
1627643515.278597354889 2.225352719647 1.254469209085 0.986454749795 -0.007447074741 -0.013584429516 0.880859628921 -0.473123999064
1627643515.377722978592 2.203557139385 1.221012345126 0.981559643982 -0.006016474723 -0.014191083322 0.886719196259 -0.462051384774
1627643515.481070995331 2.193661667982 1.178911038926 0.984202969985 -0.002727917934 -0.014468395038 0.887002610122 -0.461529623801
1627643515.577691555023 2.162405721597 1.155788419453 0.980122700139 -0.004961022927 -0.013057951903 0.892779003198 -0.450278280170
1627643515.679589509964 2.147828165241 1.115892183587 0.983389556533 -0.004089955281 -0.014117272597 0.893526099247 -0.448770637236
1627643515.792726993561 2.121743299675 1.088783228969 0.983555441937 -0.003891866926 -0.012284108148 0.900290127022 -0.435099576241
1627643515.879738330841 2.096657055735 1.044952089617 0.983230635627 -0.005533343385 -0.013760010383 0.902060460705 -0.431354806926
1627643515.979533195496 2.070487996689 1.009533118332 0.990101191365 -0.004313121496 -0.014688029693 0.906105821418 -0.422774052135
1627643516.078754425049 2.041131178209 0.973972894330 0.984946746914 -0.006208114766 -0.012431311192 0.908849418719 -0.416892859026
1627643516.178978919983 2.018310484516 0.941653623888 0.985080371414 -0.004442038631 -0.011453138124 0.911569657784 -0.410962106437
1627643516.281733751297 1.984625163541 0.906703806624 0.981438478141 -0.005231113369 -0.012882309744 0.916992918304 -0.398661095830
1627643516.379251003265 1.962137876224 0.865406717834 0.976999850647 -0.004266115315 -0.013007917511 0.918965375628 -0.394100536335
1627643516.482056617737 1.932165056527 0.825183662160 0.977262811599 -0.007451520096 -0.013666380324 0.923574684204 -0.383102476622
1627643516.579719066620 1.910079138947 0.789514748979 0.979039474659 -0.003766681388 -0.016406091078 0.925285580395 -0.378897409598
1627643516.680081367493 1.865006788695 0.763093228533 0.975717751639 -0.008208849737 -0.013889771778 0.928062939509 -0.372073741798
1627643516.780068397522 1.838682661931 0.747208541207 0.984598789413 -0.000731714304 -0.015166930924 0.931181037962 -0.364240721694
1627643516.881214618683 1.800162702496 0.706949018138 0.974900802645 -0.008156403993 -0.014509710858 0.929891397573 -0.367457385400
1627643516.981391191483 1.779577182515 0.677515685350 0.985866862790 -0.001422390570 -0.017081571709 0.929503560137 -0.368414614810
1627643517.080631732941 1.742147027473 0.641088347014 0.978937618951 -0.004773513377 -0.016047528794 0.926765518797 -0.375267056320
1627643517.180828094482 1.701994001023 0.619218041606 0.974898429405 -0.006257862891 -0.012145440898 0.924227398853 -0.381598011821
1627643517.281011581421 1.684891535028 0.592903424971 0.970584447540 -0.002722817254 -0.012607074823 0.920787292022 -0.389851780528
1627643517.381212949753 1.638616306912 0.563921893870 0.966937766808 -0.008004177122 -0.010317032823 0.916560785613 -0.399682146534
1627643517.481441020966 1.621501943424 0.532121066643 0.964239846080 -0.003469247879 -0.012066767552 0.912607910388 -0.408643070829
1627643517.583951234818 1.586301670568 0.502046706797 0.962961008060 -0.005600659918 -0.011385342670 0.905471801891 -0.424216716503
1627643517.682321548462 1.558437303856 0.473710714364 0.964814598334 -0.002215950344 -0.013901994117 0.901196679378 -0.433181681517
1627643517.781993150711 1.525945617096 0.438666442993 0.957655625164 -0.002713965569 -0.012458671075 0.894184606941 -0.447516820484
1627643517.885840654373 1.490695986893 0.408662351783 0.958913165708 -0.003022783072 -0.010633322932 0.887887786269 -0.459927248834
1627643517.982388734818 1.465872879915 0.368885924758 0.956813002132 -0.004461330118 -0.013314770861 0.881584597734 -0.471817136663
1627643518.082587003708 1.440312296971 0.343644510292 0.957336653742 -0.000809472452 -0.009367902328 0.873608048077 -0.486539377127
1627643518.182791709900 1.424701363640 0.310255228639 0.956101524617 0.001868478552 -0.011885284394 0.865952522829 -0.499981476666
1627643518.284375667572 1.394602038308 0.276201360987 0.953387858566 0.001730426942 0.011542638123 -0.859701856568 0.510662795728
1627643518.383184432983 1.376160713625 0.235746570824 0.955251584979 0.002360483990 0.013746113441 -0.850170580033 0.526322579154
1627643518.483742237091 1.342489240517 0.200627834733 0.953428419151 0.003764507574 0.011952542397 -0.842930542353 0.537876441184
1627643518.584140062332 1.321440443533 0.159080192469 0.957874573439 0.002972156169 0.013385541554 -0.834551805629 0.550758819526
1627643518.683814048767 1.294996191869 0.121440600797 0.957985901788 0.006001671958 0.010709660814 -0.826453971349 0.562870425889
1627643518.784264802933 1.289318257463 0.083814444104 0.960021591082 0.001091901108 0.013932152510 -0.817697940126 0.575477872374
1627643518.884152412415 1.263322650703 0.047024435206 0.954173570067 0.002125680350 0.011376175477 -0.807201899271 0.590161976010
1627643518.984349250793 1.245805778785 0.004631663842 0.954953709268 0.000277216487 0.011614562753 -0.798966919347 0.601262743626
1627643519.084772825241 1.223171683170 -0.043888976659 0.955811303297 0.001346337742 0.011765995830 -0.789071053666 0.614187773392
1627643519.184739112854 1.208736030661 -0.074209927410 0.956943817033 0.002609245903 0.009423531463 -0.783279936239 0.621592254115
1627643519.285018444061 1.212949274383 -0.125992249404 0.961622571764 0.004392313966 0.017005745354 -0.777303037702 0.628881149171
1627643519.387751102448 1.199992935980 -0.151421657174 0.959358714311 0.003048042922 0.016646399752 -0.776229661422 0.630223071252
1627643519.486091136932 1.192105848390 -0.180585881887 0.954394639809 0.002262058896 0.016550662728 -0.775683018912 0.630901587274
1627643519.585577964783 1.192304659803 -0.201010015592 0.957312705309 0.001605556934 0.015700207365 -0.776756243202 0.629603577120
1627643519.685723543167 1.189275595430 -0.215233501199 0.953612232516 0.003241257647 0.015751066775 -0.774578919132 0.632272802025
1627643519.785915851593 1.189205641495 -0.206466602548 0.951462903566 0.001759881522 0.015933682569 -0.775546974732 0.631086294069
1627643519.886169195175 1.189147080699 -0.194345790064 0.951455854930 0.000521617642 0.015211384919 -0.776060878252 0.630474309494
1627643519.986306667328 1.195740947623 -0.178703599872 0.951935838534 0.001705670032 0.015009418122 -0.773813758568 0.633233033810
1627643520.086510419846 1.197192042714 -0.153434797691 0.958864903962 0.000834466669 0.014740150936 -0.772770581725 0.634513719030
1627643520.187157869339 1.192331604741 -0.120263974538 0.956257918546 0.000889722741 0.011961091066 -0.767862791393 0.640502048622
1627643520.286914348602 1.198513081543 -0.090203958145 0.956737896284 -0.000712136424 0.014915092531 -0.763586565791 0.645532794999
1627643520.388655185699 1.200010104542 -0.051898937401 0.960716246438 -0.000314208574 0.009951950933 -0.759543019679 0.650380858577
1627643520.487289428711 1.217127317325 -0.032331689202 0.960608768847 0.001940648989 0.017391712642 -0.752237520575 0.658659604691
1627643520.587481498718 1.210641552184 0.008507261033 0.965100994515 0.002829298750 0.011538995062 -0.746376789628 0.665417564065
1627643520.687689304352 1.220352120438 0.049712775925 0.966211832381 0.002156091710 0.013279331337 -0.739056764882 0.673508803884
1627643520.787873029709 1.218755768586 0.098337696160 0.959532506310 0.003203501543 0.010116651456 -0.729737410260 0.683645158695
1627643520.888089895248 1.221326931578 0.141603156698 0.955553224964 0.001208051578 0.012632833421 -0.721348012075 0.692456495100
1627643520.988314867020 1.214028865569 0.178464782436 0.953968531880 0.003764577340 0.011306921956 -0.713136381041 0.700924021210
1627643521.088949680328 1.234287874973 0.215933882420 0.951694292519 0.002446668985 0.017975662818 -0.703328644706 0.710633313948
1627643521.189697980881 1.218038435267 0.270186776699 0.953989507205 0.001929055719 0.011502339261 -0.695049002617 0.718867761759
1627643521.290183067322 1.218807436140 0.302050565408 0.956153186637 0.000730913952 0.015235180920 -0.687010125150 0.726487744541
1627643521.389052391052 1.208483107152 0.340030621319 0.950941840367 0.004681810766 0.012200161122 -0.675542205811 0.737205510617
1627643521.489359855652 1.206795939971 0.389918900711 0.957463633125 0.002150916928 0.013741094066 -0.666961650783 0.744962222045
1627643521.589439392090 1.199262495673 0.436680781195 0.953417294740 0.003840557835 0.009754475716 -0.654653989421 0.755855974677
1627643521.689637660980 1.206793287773 0.494725142706 0.961293768420 -0.001790656070 0.012438801488 -0.643686713849 0.765185914783
1627643521.789827346802 1.182438209212 0.530740309949 0.968493889320 0.004951700611 0.009626714149 -0.633246246689 0.773874665621
1627643521.890387058258 1.184261560532 0.584420792632 0.968908767055 -0.000802772624 0.011200090247 -0.618911604648 0.785380378649
1627643521.990223407745 1.157234087828 0.625478724354 0.966580437818 0.002877031322 0.008605703995 -0.610436570828 0.792013167533
1627643522.090515851974 1.148804564468 0.657991329048 0.967238799997 0.001851681361 0.011095158602 -0.603851514541 0.797017450950
1627643522.190618991852 1.138751360424 0.682744351136 0.969057927553 0.003197181197 0.009278501734 -0.601787983530 0.798595586212
1627643522.290804386139 1.139008546838 0.710207479771 0.968672815488 -0.001545479618 0.012253229936 -0.601639697376 0.798672113192
1627643522.391756534576 1.115349654760 0.723618093279 0.966045157743 0.001755119440 0.007525478314 -0.602767945637 0.797879120196
1627643522.491205692291 1.112782002449 0.738701745469 0.975449898708 0.000506369020 0.006096541480 -0.601886301216 0.798558361161
1627643522.591509342194 1.119311407869 0.730803148435 0.973809965281 0.000683007938 0.007612250093 -0.602646830632 0.797971418460
1627643522.691606521606 1.124133730447 0.716935344842 0.970425115938 -0.000183936507 0.009239347995 -0.602138002412 0.798338541389
1627643522.791927337646 1.124939909362 0.702594727636 0.973252870167 -0.001652285954 0.006645038041 -0.599289042017 0.800503440054
1627643522.892024040222 1.130840421017 0.676075691847 0.971540170293 0.000071368005 0.007198287411 -0.599362906699 0.800445054728
1627643522.992824077606 1.150184057582 0.640161558355 0.970421616722 0.001055991837 0.011127109530 -0.595590212212 0.803210664416
1627643523.092566490173 1.149626041648 0.604521115277 0.964512678184 0.002502167149 0.008998299079 -0.595111505387 0.803588866230
1627643523.192596912384 1.160652801535 0.566336585144 0.962082564195 0.003497110412 0.007342499064 -0.592554555290 0.805489265559
1627643523.293156623840 1.179190795040 0.523774681739 0.963629698414 0.003073713650 0.009139610615 -0.590197389113 0.807201376167
1627643523.393189430237 1.204511316026 0.489144740745 0.957545131821 0.000782612484 0.010432054988 -0.585447866307 0.810642557225
1627643523.493208408356 1.205166946094 0.445549679767 0.959284794769 0.002978084956 0.008599362900 -0.584913544587 0.811044590221
1627643523.593945980072 1.222961539722 0.405739837398 0.962697124941 0.001649504263 0.009482303021 -0.581805711417 0.813270852316
1627643523.693645954132 1.235364661768 0.367838477011 0.963195985882 0.001566300424 0.009294423043 -0.582980571489 0.812431420902
1627643523.794024467468 1.249498121457 0.322867367977 0.963131039707 0.003710430627 0.009661894690 -0.579777494839 0.814709111876
1627643523.893947839737 1.264797166397 0.287367431914 0.960606659368 0.002529195458 0.007661003280 -0.582001413514 0.813147752175
1627643523.994207382202 1.285906086136 0.242192514341 0.961997583202 0.002599283331 0.010690162536 -0.579626238041 0.814808191126
1627643524.094382286072 1.294155666449 0.199624563619 0.963774198375 0.001572835607 0.009362400622 -0.581840841676 0.813247260432
1627643524.201573848724 1.305772891492 0.146628805527 0.968770053267 0.002331311886 0.008764416860 -0.582205021969 0.812991428230
1627643524.294827938080 1.319498444337 0.107474504488 0.964544340317 -0.000697608710 0.007326859063 -0.585393406250 0.810715973937
1627643524.394957542419 1.336156695684 0.062974650908 0.958865184312 0.001185876772 0.007368346509 -0.586840002756 0.809668520032
1627643524.495213508606 1.350476724659 0.021214355203 0.961158896486 0.003108500359 0.008426930334 -0.591509114464 0.806248281596
1627643524.596615314484 1.372644496710 -0.020715923947 0.961409629998 0.002503879374 0.010473741143 -0.591797692504 0.806014591978
1627643524.695504188538 1.383323804741 -0.064273652675 0.961253756369 0.004824214783 0.007150502948 -0.595470795270 0.803330647517
1627643524.797667741776 1.399376755513 -0.109264863263 0.962586557858 0.004527601599 0.009001695162 -0.594621264166 0.803942798033
1627643524.895906448364 1.403241087715 -0.148088570753 0.956802007434 0.004795550997 0.007138363942 -0.592277384617 0.805688243753
1627643524.996148824692 1.418070992173 -0.190440232212 0.956388789821 0.002363394370 0.009008365420 -0.582731300448 0.812611527852
1627643525.096999645233 1.424983720937 -0.235084497053 0.951170351364 0.002650857002 0.007525743296 -0.574030007661 0.818795387413
1627643525.196487188339 1.435824354109 -0.270276277725 0.957028041718 0.001022235659 0.008983809186 -0.564680522135 0.825260052425
1627643525.298296928406 1.442812434790 -0.311523768288 0.951866881435 0.004774490152 0.009663231696 -0.555842866353 0.831217501092
1627643525.399116516113 1.456696485670 -0.342875990203 0.956824279321 0.004587810521 0.007202851025 -0.546210283336 0.837604559031
1627643525.506522178650 1.468893899834 -0.380436045333 0.954421893515 0.004933693332 0.007442242159 -0.542459301281 0.840034629141
1627643525.597267627716 1.481987842433 -0.405647797982 0.952061649461 0.004396573654 0.008522927780 -0.540659465689 0.841186882923
1627643525.697801113129 1.500676805871 -0.431235402015 0.951902101708 0.004477904037 0.010401973247 -0.536024293324 0.844126592576
1627643525.797834873199 1.506427028671 -0.443525066739 0.955339304563 0.003197060249 0.011113683142 -0.541213350778 0.840805788391
1627643525.898353338242 1.510520298719 -0.447376861658 0.951233865754 0.005689296629 0.010929915779 -0.535834565797 0.844233076195
1627643525.998270511627 1.501967818218 -0.435393160485 0.944917570802 0.006682223748 0.012147229823 -0.537793053456 0.842962884324
1627643526.099296569824 1.491167700800 -0.416715487091 0.947954529901 0.005111337366 0.008110007531 -0.535536128093 0.844457907486
1627643526.198619604111 1.488957855416 -0.401743576977 0.950533413707 0.005627101175 0.013948638870 -0.534810389352 0.844838220399
1627643526.298662900925 1.468776179048 -0.364260160732 0.955216899536 0.003697158354 0.008378105230 -0.532593190452 0.846321825228
1627643526.398833274841 1.460207882152 -0.329954492993 0.959479697802 0.001838905598 0.011241967243 -0.524837447853 0.851126247939
1627643526.499035835266 1.438175679436 -0.291734358885 0.959580608110 0.002521465547 0.007940028399 -0.517979122083 0.855352691728
1627643526.599228382111 1.420655919600 -0.252234066652 0.959610548536 0.001496934481 0.008216272699 -0.511089781826 0.859486757875
1627643526.700524806976 1.396292311622 -0.208530504644 0.955065755751 0.001886160797 0.007898933469 -0.498699512698 0.866736895074
1627643526.801636219025 1.380176441298 -0.180352927754 0.957002374303 0.003042458542 0.013710774611 -0.489529848497 0.871873434356
1627643526.900797367096 1.343725574615 -0.142392393127 0.959922765374 0.003490968672 0.008509527210 -0.476379350408 0.879191739946
1627643527.000074386597 1.317576565338 -0.098675817790 0.959123669705 0.001890509421 0.008939934209 -0.460335396484 0.887698049054
1627643527.100213527679 1.286922521292 -0.057092177760 0.964049631141 0.001542413229 0.010814874187 -0.448676531584 0.893627455635
1627643527.200398206711 1.257985983932 -0.011973230838 0.964828637253 0.002778668688 0.008808863991 -0.430371440509 0.902604623359
1627643527.300607681274 1.229758384539 0.038134399222 0.967717032710 0.001777476184 0.008726274297 -0.417797380623 0.908496583075
1627643527.401672124863 1.192384230203 0.064374559375 0.963862572175 0.003863520208 0.009181043168 -0.400734349529 0.916140143627
1627643527.501046180725 1.163123410437 0.099122763014 0.964307590499 0.002204592643 0.010563445770 -0.386165019522 0.922366592566
1627643527.601438522339 1.118962341915 0.140505314616 0.973616682864 0.002442644673 0.008122793192 -0.371667211837 0.928327279230
1627643527.702061891556 1.084632746155 0.176392729728 0.968153558744 0.001945475247 0.011134737028 -0.351933449008 0.935956772627
1627643527.801583766937 1.038663308101 0.223081767105 0.967368285049 -0.001013723460 0.008975076675 -0.337602729902 0.941245354371
1627643527.901768207550 0.996369356237 0.247242060753 0.968795198090 0.000584753094 0.011335219618 -0.321335624831 0.946897347697
1627643528.002088546753 0.948559972682 0.280317377135 0.966104434449 0.001681416557 0.010594152372 -0.304310823476 0.952512393352
1627643528.102189779282 0.896356106821 0.320205788403 0.965888961393 0.000546531097 0.009833717768 -0.290875684460 0.956710162739
1627643528.203452587128 0.857638497479 0.341300346148 0.964495824296 0.000747299364 0.012880064752 -0.268898738640 0.963082038994
1627643528.302560329437 0.803625994447 0.372651958990 0.960363716585 -0.000217412353 0.006371281000 -0.258689364891 0.965939528129
1627643528.402754068375 0.764620291936 0.395730838350 0.960942080652 -0.000231313697 0.012577812513 -0.236874231791 0.971458873777
1627643528.504068374634 0.696258063131 0.418322347908 0.963128841987 -0.000262022128 0.005476717542 -0.221649231069 0.975111047664
1627643528.603311538696 0.660216610740 0.443347814972 0.966413121950 -0.001982893468 0.012595764349 -0.206821356181 0.978295630922
1627643528.703346729279 0.596438053947 0.452189986671 0.966606999390 -0.000303077017 0.003808622581 -0.184463563400 0.982831926789
1627643528.803685665131 0.549406103082 0.473539094002 0.962040060111 -0.000928079052 0.005380886647 -0.171862641582 0.985105789830
1627643528.903724670410 0.494549935841 0.501732482951 0.957353913076 -0.002883689277 0.005792163971 -0.150284602207 0.988621602795
1627643529.005562543869 0.437756340273 0.519943829784 0.961100913154 -0.004876850024 0.007413415155 -0.132934230214 0.991085136629
1627643529.104319095612 0.371582641901 0.521179293581 0.966305932228 -0.001913440866 0.004290496119 -0.117370527197 0.993077081466
1627643529.204319000244 0.326735659099 0.528134293306 0.965495441704 -0.002748009809 0.003879563259 -0.107896981360 0.994150712339
1627643529.304514884949 0.281280841525 0.530101787929 0.960644826189 -0.002641352398 0.004091148770 -0.101625255069 0.994810832918
1627643529.404718637466 0.233017147928 0.532057084618 0.966758070139 -0.002140326072 -0.001958206495 -0.101482419289 0.994833103092
1627643529.504977464676 0.194468332428 0.532788085138 0.962724376053 -0.000892234449 0.000734724724 -0.109984650227 0.993932613818
1627643529.605102539062 0.165421090916 0.542395075911 0.964964740867 -0.001317101335 0.000170886564 -0.112468920750 0.993654355351
1627643529.705319166183 0.146169546265 0.548002567097 0.964018963874 -0.001559156050 -0.001665199228 -0.117491163057 0.993071307987
1627643529.805535554886 0.138500116158 0.553755122091 0.965136414111 -0.001644880814 -0.002716134219 -0.114573670130 0.993409679385
1627643529.907233953476 0.148288668822 0.549995075392 0.962993747430 0.000371453384 -0.001638283499 -0.116682290756 0.993167871547
1627643530.006181240082 0.174256141856 0.545847716348 0.958896600920 0.000675112925 0.000637467190 -0.109279143165 0.994010667311
1627643530.106075286865 0.188123247804 0.549012600412 0.961719270562 0.000252259417 -0.003320898061 -0.105638663374 0.994399004827
1627643530.206282138824 0.233903044246 0.543055846152 0.961795074666 0.000072657689 -0.002144686587 -0.091774680447 0.995777486725
1627643530.306711673737 0.279784574052 0.537085854598 0.961871047224 -0.000107357384 -0.000965440728 -0.077861886348 0.996963681913
1627643530.406690359116 0.325460131917 0.531142663605 0.961946678725 -0.000286543441 0.000208699924 -0.063996356734 0.997950069223
1627643530.506973505020 0.371274783473 0.525181374083 0.962022540543 -0.000466219103 0.001386375094 -0.050076092823 0.998744334418
1627643530.607141017914 0.417036607746 0.519226958318 0.962098314888 -0.000645596461 0.002562421399 -0.036162089700 0.999342444045
1627643530.710560321808 0.464284022347 0.513079241201 0.962176549135 -0.000830664303 0.003776118442 -0.021789006970 0.999755115066
1627643530.807445526123 0.508546314247 0.507319940891 0.962249840491 -0.001003883227 0.004912424671 -0.008319850995 0.999952819078
1627643530.907649040222 0.554324585777 0.501363385049 0.962325642070 -0.001182841481 0.006086702254 0.005612192531 0.999965027507
1627643531.009102821350 0.596853431442 0.497475084996 0.964625185911 0.000628493212 0.003246288347 0.024207703893 0.999701482284
1627643531.108073949814 0.649969625890 0.487116073075 0.967277242501 0.001796648140 0.004184043724 0.039748882823 0.999199325534
1627643531.208233833313 0.707755283562 0.487112578977 0.967537766105 0.001054454675 0.005404499986 0.061125364846 0.998114907853
1627643531.310015678406 0.753575299850 0.486539739976 0.964752622511 0.002045727200 0.002731883583 0.075262189478 0.997157938667
1627643531.408662557602 0.808646960545 0.486085717963 0.966150050779 0.001567631817 0.003812878627 0.097992768099 0.995178587937
1627643531.508818626404 0.856100703812 0.499023731436 0.970437406938 0.002212185101 0.003494858995 0.109948328115 0.993928698319
1627643531.609010696411 0.906968592540 0.508578351065 0.971183173416 0.003012017094 0.005661106523 0.134074337592 0.990950529353
1627643531.709653615952 0.940686242228 0.511105964816 0.965630884620 0.002589143089 0.000642592633 0.151403336527 0.988468468441
1627643531.809548139572 1.000793235277 0.516249512260 0.959255816410 0.002909851361 0.004065053455 0.170001545277 0.985431115152
1627643531.911777019501 1.050232855970 0.519180100651 0.953146159451 0.002825346594 0.002388769407 0.187894066487 0.982182330821
1627643532.009799003601 1.095369532384 0.526094928719 0.957160933945 0.002586783496 0.002859083813 0.207128783047 0.978306087799
1627643532.110442399979 1.145623813198 0.541221653497 0.963144680402 0.000443018292 0.001191279714 0.224222920651 0.974537052370
1627643532.210409402847 1.191734798664 0.559271666040 0.967226317287 0.003578036192 0.002312190604 0.240231865230 0.970706187453
1627643532.310388565063 1.238371692451 0.571763165580 0.972736288624 0.005498936171 0.001351833774 0.256289517171 0.966583476806
1627643532.411125659943 1.289567694490 0.597573429670 0.975761967766 0.004139020170 0.004077394446 0.268711245079 0.963203254840
1627643532.510775566101 1.333046789917 0.629649320522 0.979756419548 0.000921179704 0.000571587428 0.275629954969 0.961263206744
1627643532.610976696014 1.383756637699 0.656693154393 0.974750264230 0.001981684512 0.002397757266 0.277049799487 0.960850525467
1627643532.711165428162 1.420596768207 0.670633412206 0.974210886318 0.003702165923 0.003820961502 0.275388691529 0.961318242206
1627643532.811365604401 1.453548747720 0.683146817470 0.973591414669 0.005333027544 0.003524813396 0.270116563743 0.962806406553
1627643532.911563873291 1.463702149257 0.703337626643 0.975868053345 0.003615931050 0.003513013355 0.268028386769 0.963397824196
1627643533.011824607849 1.470619244736 0.719365017595 0.974724258503 0.002540001976 0.005864328952 0.266232765561 0.963887582957
1627643533.113484144211 1.470188424158 0.720200321391 0.972192248848 0.002712319675 0.006863506701 0.264786135342 0.964278921334
1627643533.212519407272 1.457216970297 0.714773332183 0.972129955285 0.002973420580 0.004829093850 0.267623400831 0.963506903945
1627643533.312348842621 1.445236677284 0.707686406168 0.969426313086 0.003047329871 0.004292672329 0.270215823232 0.962785383987
1627643533.413665294647 1.426319872453 0.686278361282 0.970351457791 0.004798560507 0.006060620551 0.276726021158 0.960917765425
1627643533.512809276581 1.402392357285 0.661461824214 0.971589188991 0.004494367605 0.004773323229 0.284341758113 0.958700568811
1627643533.612935066223 1.371181797448 0.641529301715 0.976112007161 0.002865182126 0.002525779368 0.293643462658 0.955907384639
1627643533.713196516037 1.343059426106 0.622784901168 0.980769973650 0.002192968876 0.005935476595 0.305649677430 0.952123015000
1627643533.813329935074 1.302721340780 0.595928319279 0.975520811223 0.000950508292 0.000335446577 0.316939384471 0.948445259665
1627643533.913612842560 1.275340317452 0.566483694455 0.976651899234 0.000195152603 0.004828783994 0.330870885572 0.943663659278
1627643534.013755083084 1.233991027177 0.529560207943 0.977289043357 0.002467239609 0.003372851077 0.344928549920 0.938619641844
1627643534.113908290863 1.199110576996 0.512828173967 0.964438684689 -0.001671735529 0.005556211318 0.359913474032 0.932967644147
1627643534.214110374451 1.153195081471 0.473266555574 0.965265975890 -0.002486450968 0.005096490203 0.371512033577 0.928410820842
1627643534.314509391785 1.120034426176 0.422076600986 0.958852271565 0.000378326939 0.002403317803 0.385435184470 0.922731705050
1627643534.414505958557 1.095079208805 0.386171766402 0.962363827222 0.000871058255 0.004843517808 0.402953444408 0.915207246056
1627643534.514694213867 1.054590320139 0.343175443411 0.968056713941 0.000129404433 0.004271846541 0.412959785249 0.910739232903
1627643534.614892959595 1.015527192644 0.301123082010 0.969641831089 0.000068245985 0.003007870069 0.418386061326 0.908264307208
1627643534.715087652206 0.981712734990 0.255541353291 0.971083300547 0.000473372567 0.001631337310 0.418495376080 0.908217338998
1627643534.815284252167 0.955314856802 0.221114159791 0.968265178196 -0.000316197569 0.007934316911 0.414887438205 0.909838095627
1627643534.915517568588 0.916645149140 0.178879593869 0.971962678215 -0.001215375067 0.004248587103 0.411091529723 0.911583362376
1627643535.015678882599 0.882155650155 0.133455919738 0.971676935900 0.001617566503 0.005122350619 0.400552113085 0.916258233090
1627643535.116046428680 0.839302476972 0.090949903685 0.969075704050 0.000520243512 0.002892179247 0.394843609845 0.918743646732
1627643535.216074943542 0.790009649723 0.054099975873 0.967880824178 -0.000190283401 0.001210499430 0.383158823055 0.923681663128
1627643535.316498279572 0.758319574673 0.008002781174 0.971894023084 0.002018537375 0.004318357083 0.368133930957 0.929760553141
1627643535.416459083557 0.715431076396 -0.029226725513 0.966192279770 -0.000971136288 0.003769994191 0.354042828156 0.935221107477
1627643535.516666173935 0.668958128916 -0.065947215490 0.964206710909 -0.000273242097 0.002765023018 0.339671966276 0.940539863755
1627643535.616860389709 0.614866185773 -0.110229759166 0.967519742410 0.001758952293 0.002125618882 0.323930093171 0.946076996110
1627643535.717048168182 0.568836963251 -0.138782070556 0.965762550043 -0.001028607864 -0.000647083190 0.308538896766 0.951210950542
1627643535.817749738693 0.532686905902 -0.178260144257 0.963145254750 0.003800343311 0.003367803010 0.292305259391 0.956311586580
1627643535.921642780304 0.478489683570 -0.212609326699 0.955968264197 0.004327512968 0.003442259144 0.278862765948 0.960315042708
1627643536.018431663513 0.425081958982 -0.232515311920 0.959406786403 0.001579584261 -0.001993014039 0.261914113200 0.965087835440
1627643536.117835998535 0.373340427223 -0.252242618278 0.958675618305 0.003048990327 -0.001529406467 0.264953722258 0.964255095727
1627643536.218023777008 0.327244902584 -0.270108209715 0.965559731077 -0.000445335843 -0.001707543782 0.258214805869 0.966085917504
1627643536.318232536316 0.295457099015 -0.293304281004 0.961411018252 0.001398460693 -0.002067890353 0.264032748747 0.964510485027
1627643536.418891906738 0.256778479687 -0.305759123050 0.962456543867 0.000170702802 -0.006320290205 0.264297090428 0.964420589154
1627643536.518615722656 0.240597683936 -0.319019058660 0.961121837818 0.001787790566 -0.004750197437 0.268923978847 0.963148032771
1627643536.618816852570 0.232463505660 -0.322194797642 0.956023720731 0.001100248219 -0.004453334299 0.272302983133 0.962200624945
1627643536.720149993896 0.231193331836 -0.318112753454 0.958719319303 -0.002821406175 -0.007182199384 0.273722158495 0.961777851496
1627643536.819205760956 0.238766337005 -0.322700738396 0.963940541450 0.000959953950 -0.007460316749 0.270676090140 0.962641094276
1627643536.919392824173 0.253953117874 -0.320633504067 0.964617973493 0.003011990782 -0.005905524037 0.267099114951 0.963646260559
1627643537.019588708878 0.276872492599 -0.302484720043 0.961375169871 -0.002907774843 -0.005554692802 0.262501444488 0.964911230049
1627643537.122016429901 0.299369342606 -0.298382346714 0.968168072407 0.001220817633 -0.005443063136 0.253156436776 0.967409272845
1627643537.220000267029 0.328085774662 -0.282693958222 0.966915209222 0.002502596815 -0.006297304642 0.245252166934 0.969435637666
1627643537.320177555084 0.363351225882 -0.254871447284 0.962339509089 -0.000484984688 -0.004776439336 0.235300021479 0.971910927148
1627643537.420668125153 0.418442754005 -0.241132063757 0.964636232413 0.003957723632 -0.002442718053 0.223137090309 0.974775978613
1627643537.520797729492 0.455554788340 -0.207311586607 0.966429285941 0.001155272247 -0.001569927117 0.214331027166 0.976759136875
1627643537.620763778687 0.496575532219 -0.185329473258 0.966627469949 0.000433003669 0.000345853904 0.200372094833 0.979719713237
1627643537.721005678177 0.547267748165 -0.161201262881 0.960915734764 -0.000819257516 0.001523556036 0.187020092582 0.982354565605
1627643537.821158409119 0.587296642217 -0.141866527465 0.964827283192 0.000525971560 0.002713183101 0.171672515898 0.985150196303
1627643537.921612739563 0.637107769517 -0.113146116784 0.974027719121 -0.000349903345 0.002809112279 0.158773860508 0.987310917429
1627643538.022154808044 0.685146693463 -0.094371919532 0.962138549165 -0.001959712000 0.002823588141 0.145824479436 0.989304507255
1627643538.121775150299 0.737822394168 -0.081688653999 0.959092035484 0.000783418357 0.005910483074 0.131040818217 0.991359045153
1627643538.222147941589 0.784861919303 -0.059228550075 0.958960514523 -0.001763836475 0.004358419143 0.114430634723 0.993420114000
1627643538.322135448456 0.847168529348 -0.046137541398 0.961306244852 0.002574136043 0.005834448784 0.102365756343 0.994726386983
1627643538.422352790833 0.902524121716 -0.021838023669 0.964320401744 -0.000274203581 0.006557302567 0.086020093410 0.996271785270
1627643538.522525787354 0.948518113023 -0.013883660982 0.961790911935 0.000102329255 0.003198551554 0.071921782645 0.997405141343
1627643538.622724056244 1.014165616702 0.002758375303 0.963593751957 0.001429604967 0.005616661151 0.054887003590 0.998475751425
1627643538.722920417786 1.065697344010 0.009427274083 0.961825023167 0.002025990238 0.004018647055 0.046140491057 0.998924822459
1627643538.823147773743 1.120038517330 0.032288722434 0.963425642134 -0.000226824849 0.004199239484 0.035756305539 0.999351690624
1627643538.923319339752 1.175876505357 0.040885650392 0.963014245762 -0.000254654201 0.005066901700 0.041494849670 0.999125837475
1627643539.026485919952 1.220282003056 0.055280993906 0.961819907581 -0.001783515639 0.003419660431 0.045312903141 0.998965397701
1627643539.123758316040 1.280011454960 0.051304048137 0.961655228237 0.001111963649 0.002078776288 0.060389969261 0.998172076267
1627643539.223987579346 1.348636309588 0.052259239866 0.958867908385 0.002758699683 0.004570764271 0.070715020491 0.997482272307
1627643539.324092864990 1.401911335644 0.047508032471 0.961870493094 0.005329535980 0.001468783507 0.090859432731 0.995848383141
1627643539.424398899078 1.460738978560 0.056938062238 0.957061754062 0.004735853896 0.003424033369 0.100603116503 0.994909473587
1627643539.524728059769 1.522777180168 0.061047637197 0.956578506072 0.004811263717 0.003781974780 0.118786559047 0.992900952662
1627643539.624779701233 1.580114829584 0.078675952808 0.961502580065 0.002515977567 0.001562826665 0.133541618694 0.991038780021
1627643539.724871635437 1.640939592669 0.091829239133 0.959576298094 0.000400896724 0.004044190189 0.152591609441 0.988280974488
1627643539.825150966644 1.691955837153 0.092992318355 0.957969758734 0.000759912320 0.000079602577 0.165640051769 0.986185981165
1627643539.925441265106 1.746228672948 0.086635603742 0.963280807744 0.004863480243 0.002193984442 0.170414588928 0.985358006449
1627643540.025848388672 1.782377529676 0.099174372950 0.964155573224 0.002181101537 -0.000008044624 0.166649884814 0.986013721316
1627643540.126606464386 1.830080135749 0.118660100535 0.956426441678 0.001655615448 0.005208745447 0.164767854595 0.986317231929
1627643540.225884675980 1.852873442467 0.129869005040 0.954302656454 -0.000307604900 0.001251424215 0.158914152590 0.987291563533
1627643540.326235771179 1.877356449230 0.135024836281 0.954559124082 0.001743323920 0.004413120939 0.153903157680 0.988074543363
1627643540.426244735718 1.888478252989 0.140290678402 0.957029955413 0.000984585615 0.004380024672 0.153336533236 0.988163829307
1627643540.526482105255 1.891221244875 0.149468813872 0.964039475163 0.001372965115 0.006190270781 0.150762621617 0.988549658559
1627643540.626661300659 1.886737122383 0.147593201899 0.965155664592 0.000220056052 0.007802457703 0.155613301374 0.987787210721
1627643540.727197170258 1.862617081037 0.149209222308 0.961219974462 0.000869178706 0.000434450808 0.159153856140 0.987253313925
1627643540.827229976654 1.860435487794 0.135533162053 0.958921457365 0.004317570663 0.007216123739 0.160831714146 0.986946019733
1627643540.927223682404 1.808003302077 0.126164602429 0.959122235369 0.001571309683 0.000055741669 0.171684613210 0.985150710027
1627643541.032511472702 1.786443595730 0.121146255764 0.963878355994 0.000241256464 0.005489540624 0.178116643815 0.983994038567
1627643541.127867221832 1.756420645176 0.098667525099 0.962594625131 0.001724291083 0.003755681256 0.189367499269 0.981897587276
1627643541.227802991867 1.709935993806 0.078136087877 0.960673507225 0.003302288408 0.002954843933 0.202212197395 0.979331706325
1627643541.328004837036 1.665511267150 0.070932473477 0.967906722511 -0.000316903769 0.001722291544 0.213286463154 0.976988136018
1627643541.428205490112 1.631456100979 0.062427862572 0.966891555564 -0.000878737167 0.003271004348 0.233240354251 0.972413217465
1627643541.528803825378 1.569394044493 0.038142346485 0.961403885377 -0.001726410797 0.000210090901 0.242401037100 0.970174578403
1627643541.631299972534 1.525723638754 0.006725114083 0.965844985886 -0.000063136750 0.003153379208 0.259260159049 0.965802372198
1627643541.728872299194 1.470859644439 -0.018262399582 0.966125268509 -0.001526697620 0.000697155753 0.273511714578 0.961867207652
1627643541.829058647156 1.436716993403 -0.053474087425 0.964252060739 0.001725724179 0.004529666642 0.284983090276 0.958520287867
1627643541.929183959961 1.387836258135 -0.081088502106 0.955751053230 -0.004587909874 0.003016888179 0.287755845327 0.957688061401
1627643542.029433727264 1.346345931559 -0.121520274290 0.960427054912 -0.000507355698 0.005094975827 0.284991587733 0.958516342444
1627643542.129611015320 1.294342894470 -0.163229912767 0.955261056252 -0.000719493068 0.003887946185 0.273008510561 0.962003492387
1627643542.230115890503 1.252581658095 -0.202158353149 0.958758953471 0.005089802806 0.003374344286 0.262494161193 0.964914256837
1627643542.330035209656 1.195301029146 -0.226164759214 0.958510648653 0.004095054592 0.004165764228 0.246647690337 0.969087608933
1627643542.432762861252 1.154265284167 -0.249302941252 0.951042779979 0.003756300963 0.007315761837 0.234095242959 0.972178886346
1627643542.530365943909 1.104334834146 -0.272144450087 0.946492790767 0.002627431525 0.006266977942 0.215790868118 0.976415957893
1627643542.630546092987 1.054272924648 -0.286756359703 0.948426477209 0.002788368350 0.007788600870 0.203691767335 0.979000115740
1627643542.730741977692 1.002365645624 -0.297829621661 0.954245052111 0.002372735086 0.008345737042 0.199108499666 0.979939041044
1627643542.830958843231 0.955881433910 -0.311268472434 0.956841946910 0.000320516937 0.008490962494 0.202262364574 0.979294509686
1627643542.931324481964 0.904254919171 -0.335431897278 0.957772368182 0.000734128109 0.008199394533 0.208354448120 0.978018739562
1627643543.031331062317 0.849288606149 -0.355629809296 0.964149091960 0.000439536775 0.007829102714 0.214806190081 0.976625216069
1627643543.132166862488 0.789253318439 -0.374642591830 0.967606127817 0.000477314456 0.006072095402 0.223416623108 0.974704013713
1627643543.231725692749 0.735271254830 -0.402034426346 0.968768724452 0.000121898100 0.006465177513 0.229262587690 0.973343131946
1627643543.331948280334 0.681165787368 -0.428492406118 0.965459301155 0.000099502983 0.005054927415 0.235862967810 0.971773172208
1627643543.432121753693 0.621421322547 -0.461927648214 0.963479298161 -0.000075077328 0.002937466677 0.248127857505 0.968722835481
1627643543.534113883972 0.567281945581 -0.494389160535 0.958437002917 0.001526026100 0.002870443789 0.255043880678 0.966924014970
1627643543.632502317429 0.516966632407 -0.534918095350 0.960106171863 0.003623364401 -0.001295503426 0.261250549132 0.965263354468
1627643543.732698917389 0.478543403809 -0.554756880266 0.956699470645 0.002053188305 0.000179413166 0.265879838929 0.964003974826
1627643543.834934473038 0.440606556177 -0.583250595698 0.959934994361 0.003702604950 -0.000583591177 0.266692639107 0.963774344120
1627643543.933161258698 0.416345770884 -0.597425725853 0.961088888275 0.001046023023 -0.001924979506 0.268221780394 0.963354699377
1627643544.033298969269 0.399523026724 -0.622846643716 0.961649426784 0.004200052883 -0.002772172322 0.271273684963 0.962489097322
1627643544.134065628052 0.386578373608 -0.622478862750 0.960574593279 -0.000362439917 -0.002097122675 0.269078745438 0.963115828687
1627643544.233682155609 0.377788570039 -0.623631188871 0.963234103602 0.002924275891 -0.005859595655 0.271717104451 0.962354887190
1627643544.333914279938 0.390936040725 -0.613057875497 0.957126112921 0.001847853893 -0.003051433336 0.271267804646 0.962497299920
1627643544.434322834015 0.404431900301 -0.604357031350 0.960193147530 0.001724436642 -0.004419185292 0.271828147933 0.962334118231
1627643544.535943031311 0.431166568006 -0.595027722039 0.958464357070 0.004165596863 -0.001901728739 0.269084039334 0.963105815062
1627643544.640655994415 0.454430180144 -0.577754701397 0.960479994523 0.002798789262 -0.004041147660 0.268051683223 0.963391992403
1627643544.734669208527 0.483298158732 -0.564999672330 0.960005582039 0.004353027617 -0.003696141467 0.267330672986 0.963587931104
1627643544.837721824646 0.521368425635 -0.529919265766 0.960932818569 -0.000196208928 -0.003321503294 0.268886708435 0.963166064158
1627643544.935181140900 0.560219025330 -0.515782831489 0.963240745589 0.005429792784 0.000707341509 0.267152657325 0.963638663972
1627643545.035563945770 0.593323711307 -0.476769198620 0.964554930203 -0.000102235051 -0.001189342594 0.264666551936 0.964339251145
1627643545.136685371399 0.653114253537 -0.449693530427 0.970374318455 0.002420960571 0.002993720607 0.264763441509 0.964305707039
1627643545.235665082932 0.698553432228 -0.404643961408 0.961926630680 -0.002303562086 0.002658464520 0.264775685637 0.964303615291
1627643545.337716102600 0.757214112871 -0.369848575494 0.961516273981 0.001318834597 0.007032700445 0.263272017492 0.964695105515
1627643545.436358928680 0.800371978480 -0.346038964083 0.957540690161 -0.001373737162 0.002528676981 0.258131493191 0.966105507107
1627643545.536227941513 0.857221415069 -0.327339536799 0.956110975899 0.002059663725 0.005208121386 0.249219889840 0.968430730494
1627643545.636430740356 0.912768287721 -0.306805926751 0.954716725464 0.003058497158 0.005505668789 0.236593408101 0.971588334867
1627643545.745108127594 0.972401380742 -0.275558949613 0.961055424299 0.000696230025 0.005390758400 0.223377080594 0.974716951147
1627643545.836820125580 1.017577090708 -0.248575880005 0.968154611812 -0.000286910132 0.005600911890 0.213204476917 0.976991503797
1627643545.938580989838 1.067165429403 -0.213775457011 0.968514506149 -0.001802342956 0.004749241209 0.198494882520 0.980088760206
1627643546.037516593933 1.122130343506 -0.189050583224 0.967064691471 -0.000296833965 0.001869102815 0.185504426869 0.982641606058
1627643546.137496948242 1.188035294571 -0.165800438533 0.973220264017 0.002402668083 0.003613264377 0.171346218767 0.985201321975
1627643546.237792491913 1.243571460826 -0.130549683400 0.966291617678 -0.000633266086 0.002588785654 0.157436470625 0.987525521129
1627643546.337963581085 1.303764178390 -0.111955019528 0.960530101258 0.003045426411 0.002268399152 0.145440813562 0.989359666397
1627643546.437989950180 1.361159012021 -0.087332758317 0.958130004514 0.002139529752 0.002090087504 0.126702965791 0.991936193717
1627643546.538201808929 1.420934874966 -0.060642019197 0.959459197765 -0.000231601880 0.002350479094 0.116791074962 0.993153697278
1627643546.638388395309 1.480724445811 -0.036895045467 0.961303844400 -0.000534308375 0.001635172920 0.100670329559 0.994918351158
1627643546.740731239319 1.544393016606 -0.013549877282 0.962176908345 0.000283729574 0.003515180558 0.085183965685 0.996358999053
1627643546.838907480240 1.606037451351 -0.004025795597 0.965324681606 0.000987680844 0.003642293463 0.070098867218 0.997532910234
1627643546.941071033478 1.672976900344 0.007614555516 0.963128970647 0.002951065174 0.001427884268 0.061479669293 0.998102951917
1627643547.039167881012 1.733722975630 0.017231087889 0.963508859622 0.001517673061 0.000522996359 0.037526575966 0.999294340642
1627643547.141352176666 1.800577425594 0.025755562338 0.963442992159 0.001909371297 0.000561349549 0.026905525180 0.999635999703
1627643547.239580154419 1.863676626216 0.037404143809 0.966405229045 0.000556796435 0.001992834993 0.015843571483 0.999872341766
1627643547.339765071869 1.926113102745 0.035077390596 0.971414591591 0.000871074511 0.003268528464 0.013259301591 0.999906370053
1627643547.439971446991 1.982530049977 0.023528388969 0.966679560714 0.002477902713 0.002408729560 0.018324880807 0.999826113263
1627643547.541648864746 2.034175874864 0.011160924528 0.975484239517 0.001589216741 0.004961682814 0.026717111014 0.999629457386
1627643547.640345573425 2.069324916572 0.004857252599 0.975302426253 0.001951516103 0.003901814308 0.030509767393 0.999524947925
1627643547.740539789200 2.094003402225 0.002468861725 0.981022298682 0.003275939591 0.004384080166 0.044003893021 0.999016368965
1627643547.840745925903 2.115672841017 0.012181562105 0.977555533630 0.002324836326 0.007805148343 0.046815656052 0.998870346513
1627643547.940932750702 2.122606729080 0.019157076087 0.969115137072 0.002736135630 0.008913582598 0.045915711565 0.998901801499
1627643548.041132450104 2.109089307796 0.026913084669 0.967937904495 0.002297941605 0.004715255582 0.047523285007 0.998856357647
1627643548.141318798065 2.100403376867 0.034839561343 0.972053411766 0.001033148267 0.007720791049 0.039258845131 0.999198711503
1627643548.241562843323 2.077361313256 0.025648834381 0.973074769317 0.001524648826 0.007134355342 0.032793249136 0.999435530302
1627643548.341724395752 2.048431927807 0.026176438986 0.966042111230 0.003451324582 0.006441546709 0.024268232653 0.999678772266
1627643548.442763328552 2.011852008798 0.027783353930 0.960040104219 0.002065172608 0.006602562093 0.007554891632 0.999947531048
1627643548.542116880417 1.978481938072 0.023233260836 0.957459652329 0.006893283982 0.006756859187 -0.001293600894 0.999952575919
1627643548.642291307449 1.939078521777 0.035552517873 0.957709881174 0.006224168077 0.010323893324 -0.016591051246 0.999789684872
1627643548.742535829544 1.875794814275 0.048526355932 0.958614448862 0.002479316154 0.002628364059 -0.028899153128 0.999575801849
1627643548.842702865601 1.837837006087 0.052911969743 0.962147589623 0.004416263253 0.008365105346 -0.045414182290 0.998923457367
1627643548.943506240845 1.772207827441 0.054425034857 0.957521432101 0.005612545632 0.004191956662 -0.066899400346 0.997735133722
1627643549.043147802353 1.711941753160 0.053511895286 0.962444668044 0.006297795702 0.006811603391 -0.078398692854 0.996878921829
1627643549.143281459808 1.648813657765 0.062889381829 0.963051957735 0.006086820306 0.003421628288 -0.100431834423 0.994919438805
1627643549.243498325348 1.584923485255 0.069457421632 0.967997697781 0.007028110981 0.004996377010 -0.114300960357 0.993408743838
1627643549.343804597855 1.535057876895 0.085133879261 0.964995481260 0.005199321919 0.005769727091 -0.133194026367 0.991059548484
1627643549.443978309631 1.481910346322 0.107230797266 0.968126199430 0.004146093836 0.007019952272 -0.150082175141 0.988639909614
1627643549.544057846069 1.422519292251 0.132698071581 0.972898974272 0.003586928442 0.004442409398 -0.168439421514 0.985695470327
1627643549.644251108170 1.372779801308 0.143087963742 0.977545672059 0.004440937503 0.004895704270 -0.183145806341 0.983063540049
1627643549.744445800781 1.327479460031 0.168824488460 0.980656419117 0.003037753479 0.006498452949 -0.199759259632 0.979818748726
1627643549.845980644226 1.286144585454 0.193147946379 0.974951617591 0.004206282090 0.007428219985 -0.208814443243 0.977918021632
1627643549.944839000702 1.239965682671 0.213965707642 0.973386176273 0.002964283698 0.009659821614 -0.212479737030 0.977113228966
1627643550.046426296234 1.185355929324 0.227984882411 0.966504262977 0.005265281511 0.006501642080 -0.209679836979 0.977734305129
1627643550.145269155502 1.141082538900 0.252066410530 0.966848253898 0.004057340789 0.006546171470 -0.204547985891 0.978826239479
1627643550.245444536209 1.094415829369 0.278276609668 0.970889500985 0.001126817804 0.008257846620 -0.194753441137 0.980816820521
1627643550.345624446869 1.041596590245 0.301668685497 0.975121420840 0.001278823544 0.007689026446 -0.188458234707 0.982050272264
1627643550.446139812469 0.989379522635 0.323935741180 0.975544284120 0.001374772445 0.008097697150 -0.177867288117 0.984020205646
1627643550.546011209488 0.937558512861 0.342717986752 0.971438688128 0.000600402247 0.007073509159 -0.173008231184 0.984894794853
1627643550.646284580231 0.887449468282 0.361972847699 0.964024478154 -0.000305904922 0.011008422430 -0.162946049758 0.986573517750
1627643550.746411323547 0.829103907230 0.383101460097 0.960860895906 -0.002140897054 0.009786069453 -0.156258351279 0.987665417568
1627643550.846614360809 0.763863713746 0.396037519940 0.969465436882 -0.000397709744 0.007165067656 -0.149727019336 0.988701331704
1627643550.946801900864 0.708824400447 0.417249443600 0.968798871938 -0.001084779181 0.005558206205 -0.144596201391 0.989474541432
1627643551.051650047302 0.655232316537 0.433443891860 0.974136135132 -0.000937287775 0.008450988509 -0.138800219849 0.990283899321
1627643551.147204399109 0.600143672823 0.451053683449 0.974234878703 0.000071508412 0.004999319327 -0.137510839683 0.990487642862
1627643551.247587680817 0.549421048149 0.476446917240 0.980977084936 -0.000861432489 0.007413988195 -0.130001087128 0.991485757870
1627643551.347588300705 0.484627064181 0.495893010130 0.981904356457 -0.002800091205 0.004823325026 -0.128753666444 0.991660924108
1627643551.447789669037 0.427488135841 0.505772366892 0.985010332102 -0.001812146798 0.005189630971 -0.124064921518 0.992258877059
1627643551.548006057739 0.363436762752 0.520617405134 0.982495354744 -0.002856648488 0.004936781406 -0.120096486175 0.992745839456
1627643551.650903701782 0.309099149730 0.532258508829 0.990890976846 -0.003015117310 0.003757786166 -0.115823126641 0.993258169584
1627643551.748403072357 0.269199517241 0.541491182708 0.972998872542 -0.003946602663 0.005055379904 -0.115640356834 0.993270444206
1627643551.848566055298 0.204420035556 0.549421122759 0.970319564502 -0.002755487688 0.000744645660 -0.111174544843 0.993796796820
1627643551.948756217957 0.164333033342 0.553700704442 0.964467271965 0.000084449316 0.004027854449 -0.109515939950 0.993976875060
1627643552.048949956894 0.120951377211 0.563162194494 0.965330871889 0.000538759145 0.000662738330 -0.106500928579 0.994312236035
1627643552.149152040482 0.098290759909 0.573739232873 0.961391089736 -0.000434250088 0.001572462152 -0.104684338229 0.994504161942
1627643552.249503135681 0.078323266944 0.575396369871 0.964964821742 -0.000044001456 0.001631975099 -0.103882457412 0.994588241316
1627643552.349665164948 0.064229700016 0.582862516157 0.968592292055 -0.000673253024 0.000729793845 -0.102345140689 0.994748453786
1627643552.449732303619 0.056924821321 0.580283443247 0.968184637480 0.001057270455 0.001421482655 -0.101753685869 0.994808046298
1627643552.550303459167 0.054142071430 0.582927627519 0.967814993232 0.000098889999 0.001567861042 -0.103210333825 0.994658312701
1627643552.650333642960 0.059697601761 0.585341898259 0.967691571753 0.000017521689 0.003240155871 -0.101952293543 0.994784012198
1627643552.750332593918 0.062380045643 0.593034802056 0.968375038681 -0.002473839145 0.002170284379 -0.102757947100 0.994700947166
1627643552.850528001785 0.072073171380 0.584297949359 0.970072596562 0.000292248410 0.003750961405 -0.102401141178 0.994736071109
1627643552.950719356537 0.067683912504 0.585046965661 0.965484581134 -0.001131321014 0.002252244147 -0.105544538749 0.994411382602
1627643553.050913572311 0.068095190202 0.582108861743 0.967817639998 -0.001099200442 0.002656926297 -0.100952801730 0.994887061090
1627643553.151115417480 0.072267024725 0.582114212075 0.968638322167 0.000479295968 0.002408828534 -0.103711911946 0.994604347035
1627643553.251416683197 0.071357847068 0.590093942781 0.972792230414 -0.003895803025 0.003731480010 -0.100763783876 0.994895752647
1627643553.351562023163 0.059089345379 0.579545711650 0.977687352189 0.000110028651 0.001144629610 -0.101900981564 0.994793882004
1627643553.451689243317 0.057943963109 0.582626932152 0.975437198573 0.000895013099 0.002003251039 -0.102262427105 0.994755036147
1627643553.551887035370 0.059825648810 0.583553527071 0.968258119704 0.001146379018 0.002870934679 -0.102208484448 0.994758196375
1627643553.652483224869 0.052047414751 0.580865064611 0.970858170440 0.001037167077 0.000041184320 -0.103496261556 0.994629301012
1627643553.752276659012 0.064994609282 0.587150863510 0.969442740610 -0.000560080150 0.003977457259 -0.100644819690 0.994914311091
1627643553.852473735809 0.065993821638 0.585869873193 0.966053010816 -0.000012238223 0.002060563020 -0.103431822302 0.994634411262
1627643553.952680110931 0.068671113380 0.580501425104 0.969204552777 0.000831413970 0.001181072689 -0.102633123530 0.994718229336
1627643554.052943706512 0.078287382838 0.585462040402 0.964666332703 -0.000809133841 0.002240387450 -0.101675164604 0.994814800287
1627643554.153186321259 0.077908862266 0.586982028051 0.963780450741 -0.002970186076 0.004242090683 -0.103856700932 0.994578789404
1627643554.253282308578 0.080886469315 0.580309043485 0.963856478646 -0.001130118424 0.004767451295 -0.102619538821 0.994708612857
1627643554.353514671326 0.078405174060 0.582133122137 0.967131077301 -0.002168183306 0.002176438753 -0.102517434775 0.994726463739
1627643554.453722000122 0.081663964100 0.577934948479 0.965546549189 -0.000763282128 0.003143797335 -0.103697026425 0.994603670137
1627643554.554031848907 0.071186134712 0.578548539015 0.963906917177 -0.000719213049 0.002152424322 -0.102606220934 0.994719464587
1627643554.656106472015 0.077466216826 0.573502104748 0.968859735646 0.001286705046 0.003257750370 -0.103822923857 0.994589629915
1627643554.756898880005 0.081458995806 0.578974263921 0.967689432912 -0.000797827670 0.004031522755 -0.101554315289 0.994821507277
1627643554.854441165924 0.073235044816 0.584734398804 0.965143140316 -0.001858240890 0.000726188897 -0.102091811912 0.994772979896
1627643554.954649209976 0.084528099687 0.581418357269 0.966680957682 -0.000001399229 0.006360828078 -0.103100816102 0.994650572605
1627643555.056399822235 0.075713489975 0.583511421651 0.964722237463 -0.001806803639 0.001893079505 -0.103269087752 0.994650012429
1627643555.155305385590 0.080459392071 0.582717276374 0.965760770591 0.000159387388 0.004285087047 -0.103389574493 0.994631694906
1627643555.255277395248 0.078949813757 0.579765105118 0.964847335806 -0.001107042415 0.003806814124 -0.101028455101 0.994875637396
1627643555.355509519577 0.077779351412 0.574500786204 0.960554889127 0.001206394695 0.002793950601 -0.105428280057 0.994422252474
1627643555.455602169037 0.077633052624 0.578378837839 0.964552441999 0.000940887545 0.003078596958 -0.101722622773 0.994807591943
1627643555.557649374008 0.082522563998 0.588018288279 0.965474296453 -0.001437065717 0.003212073533 -0.105011642376 0.994464766792
1627643555.656277179718 0.079228270714 0.580076274261 0.962900199503 -0.000389768437 0.003451604406 -0.102125428251 0.994765465531
1627643555.756441116333 0.080792822928 0.581673126857 0.963364739449 -0.001317025131 0.003353638981 -0.102972154702 0.994677713587
