1627643483.415083408356 0.168326350538 -0.040333825434 0.882907491078 0.004070034212 0.002804759916 0.011521616360 0.999921407161
1627643483.515028953552 0.154764602329 -0.028594655973 0.874973356999 0.003171081214 0.004812488917 0.010568933939 0.999927538290
1627643483.615931749344 0.141072963473 -0.016743052017 0.866963231993 0.002263499826 0.006839419295 0.009607065395 0.999927899004
1627643483.715427398682 0.151010180957 -0.017810654417 0.870584394063 0.001438724131 0.007892572347 0.007748003613 0.999937800973
1627643483.815896034241 0.161044576315 -0.018888697096 0.874240968143 0.000605875159 0.008955982347 0.005870720515 0.999942477314
1627643483.915801525116 0.144458036356 -0.017799127857 0.887495238977 -0.001016115469 0.002574029207 0.005594802689 0.999980519843
1627643484.015996932983 0.127823363710 -0.016706396784 0.900787972544 -0.002642768572 -0.003826555830 0.005317840100 0.999975046599
1627643484.116240978241 0.111180616172 -0.015613135271 0.914087158742 -0.004270095736 -0.010230080524 0.005040510562 0.999925849745
1627643484.216394901276 0.116394192830 -0.016432918160 0.921559778611 -0.000732935833 -0.011406487585 0.005741751083 0.999918190224
1627643484.316805362701 0.121621123759 -0.017254800874 0.929051539157 0.002813294839 -0.012585743191 0.006444704856 0.999896069709
1627643484.416800498962 0.126216191946 -0.019506478252 0.931620476992 0.002496915675 -0.008342800170 0.006578064051 0.999940444312
1627643484.517295837402 0.130834245882 -0.021769419118 0.934202265334 0.002178908318 -0.004078480625 0.006711970235 0.999966783353
1627643484.617189168930 0.133495041106 -0.023694174324 0.922311010622 0.003018383759 -0.002058226161 0.007125501715 0.999967939631
1627643484.717524766922 0.136167616701 -0.025627451168 0.910367108720 0.003861560815 -0.000029016992 0.007540828499 0.999964111062
1627643484.818214416504 0.148776236233 -0.026519885485 0.907178086607 0.003745679057 0.001967431278 0.005877614451 0.999973776032
1627643484.917788505554 0.161245162377 -0.027402432346 0.904024396300 0.003631056250 0.003941747461 0.004232788332 0.999976680508
1627643485.018373489380 0.169930868113 -0.025093219633 0.908807311927 0.001927153004 0.001301065006 0.003792418801 0.999990105386
1627643485.118236303329 0.178554213098 -0.022800586372 0.913555887662 0.000235464030 -0.001320671170 0.003355173198 0.999993471577
1627643485.218806266785 0.212876290075 -0.023951653147 0.913055325812 0.000448419982 -0.000987256609 -0.006094169191 0.999980842489
1627643485.319155216217 0.247122940353 -0.025100190320 0.912555864004 0.000660867975 -0.000654486727 -0.015522202875 0.999879090750
1627643485.418779611588 0.281122317992 -0.026240434659 0.912060008482 0.000871723847 -0.000324061833 -0.024880797520 0.999689992446
1627643485.518972635269 0.315315754612 -0.027387187195 0.911561322756 0.001083706022 0.000008277667 -0.034290604255 0.999411316712
1627643485.619200468063 0.349521070734 -0.028534338136 0.911062463775 0.001295665581 0.000340731889 -0.043700634231 0.999043772675
1627643485.719365119934 0.383704824747 -0.029680765944 0.910563919262 0.001507376535 0.000672946306 -0.053100853894 0.998587789969
1627643485.819530487061 0.417888822859 -0.030827201938 0.910065371189 0.001718955253 0.001005103385 -0.062496429138 0.998043201122
1627643485.919789314270 0.452104716619 -0.031974707624 0.909566357942 0.001930578647 0.001337481071 -0.071895217760 0.997409425298
1627643486.022171974182 0.487045422709 -0.033146521494 0.909056773849 0.002146507718 0.001676776765 -0.081486503943 0.996670723258
1627643486.120116233826 0.520471410980 -0.034267535952 0.908569280783 0.002352890069 0.002001218569 -0.090654939685 0.995877573271
1627643486.220788002014 0.554828231430 -0.035419767926 0.908068212225 0.002564811468 0.002334518084 -0.100070671313 0.994974287361
1627643486.320505142212 0.592262108444 -0.043818342031 0.907265957880 0.004818120684 0.001386586898 -0.108909071346 0.994039072305
1627643486.421102523804 0.630026428629 -0.052291053567 0.906456621728 0.007090905331 0.000430168822 -0.117816112416 0.993010018918
1627643486.520903587341 0.695525035694 -0.064941097867 0.904597339564 0.007248512983 0.014088978933 -0.111193016196 0.993672517926
1627643486.621112823486 0.717849215304 -0.079780220769 0.902992282021 0.008235072167 0.003291453410 -0.137068111684 0.990521924381
1627643486.721676826477 0.790514799510 -0.073405653760 0.909249790118 0.004793709090 0.013310035824 -0.130418116782 0.991358148257
1627643486.821500778198 0.809752638930 -0.074530803494 0.910117810461 0.002435461459 0.005823162674 -0.151707498218 0.988405278359
1627643486.923070907593 0.863377359165 -0.088547801899 0.911376122070 0.003098034808 0.009258159979 -0.139470103650 0.990178155102
1627643487.023270606995 0.904214572607 -0.102942996196 0.912465826695 0.003980734296 0.011684058673 -0.159312445747 0.987151042727
1627643487.122249841690 0.937144876007 -0.114855491356 0.910675997587 0.005418029282 0.006152272428 -0.144618815167 0.989453481879
1627643487.222271442413 0.994272460058 -0.125826796380 0.903397263454 0.007138613047 0.011498729585 -0.162163455831 0.986671086540
1627643487.322470903397 1.022559474334 -0.124598649269 0.902324901909 0.005051083826 0.004680307531 -0.149054041714 0.988805073775
1627643487.423319816589 1.076098139008 -0.142439584391 0.902100317210 0.007731737995 0.010332659088 -0.160566756338 0.986940612774
1627643487.525498390198 1.116169864942 -0.144141253741 0.902522681019 0.005163318368 0.003532088179 -0.143228618969 0.989669857682
1627643487.623060941696 1.151884359604 -0.169206111076 0.896589606723 0.007704010422 0.009476929071 -0.148080342568 0.988899918184
1627643487.723336696625 1.190294196228 -0.179744296854 0.897724064101 0.007158244236 0.003257327390 -0.127901476779 0.991755696528
1627643487.825665712357 1.253065710406 -0.189006105065 0.896089048634 0.004591256110 0.011729104465 -0.129328233091 0.991521838691
1627643487.923901557922 1.284220296469 -0.204617919705 0.902093351249 0.005079093112 -0.000158002131 -0.102771056808 0.994692056735
1627643488.023880481720 1.348447589467 -0.220297845937 0.897897652375 0.005223375514 0.011222425408 -0.103695769918 0.994532031067
1627643488.124881267548 1.372144693197 -0.231820154438 0.894775425077 0.005169369602 -0.004104565532 -0.075809803537 0.997100448223
1627643488.224380493164 1.439821450790 -0.248320316717 0.889051512682 0.009598422153 0.007902407470 -0.073287351915 0.997233366017
1627643488.324687957764 1.470500920158 -0.251311291777 0.893173122782 0.006697684429 -0.001892394205 -0.047086157043 0.998866584526
1627643488.424621582031 1.524338537463 -0.254621061406 0.895578475939 0.009473357524 0.007324436420 -0.040922977244 0.999090545477
1627643488.525244235992 1.565319045957 -0.258944555637 0.903196519406 0.005401845788 -0.001658206067 -0.013996113896 0.999886083117
1627643488.625009059906 1.620829258010 -0.271316078784 0.910516387215 0.009495481019 0.009095843092 -0.012604552684 0.999834099604
1627643488.725213527679 1.645839921097 -0.283684870439 0.907511239306 0.008193312395 -0.008932219417 0.021034969658 0.999705264135
1627643488.826128005981 1.719557120873 -0.268911312369 0.911865175829 0.002286814662 0.007851287399 0.017239149197 0.999817953179
1627643488.925606250763 1.738100675003 -0.286461545079 0.902043393806 0.007162821421 0.002066917424 0.049277555089 0.998757300051
1627643489.025793552399 1.786724495444 -0.274081622575 0.903000713040 0.002179255484 0.005668598960 0.047550793002 0.998850359121
1627643489.125991344452 1.827547932221 -0.278751860625 0.902743561813 0.000915769302 0.001470374996 0.079730791914 0.996814927750
1627643489.226182937622 1.866849156836 -0.275999658393 0.910301580018 0.002036722859 0.006316079255 0.076057795375 0.997081326004
1627643489.326396465302 1.887243085307 -0.279618852686 0.906755594990 0.000064998142 -0.001666456024 0.115795745933 0.993271646592
1627643489.426579475403 1.958500055711 -0.277809736172 0.912836979877 0.005085063265 0.007697424993 0.107221651025 0.994192340210
1627643489.526772499084 1.983717097702 -0.274242907374 0.908756507296 0.002229801883 -0.001368370454 0.144286144816 0.989532548206
1627643489.626964807510 2.060693177183 -0.251740253100 0.912210213742 0.001929737831 0.009108461595 0.144163921189 0.989510018073
1627643489.728238344193 2.071296745305 -0.251477875045 0.910472003990 0.001819309879 -0.001817408435 0.165402983772 0.986222713233
1627643489.827455759048 2.120761957208 -0.226213388230 0.918909503728 0.001604827824 0.005878777802 0.154353616718 0.987996875251
1627643489.927631378174 2.146205936837 -0.233487320729 0.914890524507 0.004202607657 -0.000324149587 0.173364316183 0.984848743153
1627643490.028024196625 2.181171774011 -0.223511838748 0.917788151480 0.004085244696 0.005253198749 0.148279534790 0.988923098244
1627643490.128289699554 2.187314702244 -0.230514471923 0.910602480297 0.009388764398 0.004720963548 0.174364600665 0.984625080750
1627643490.228148937225 2.192304498214 -0.211905185316 0.912599727669 0.003173238150 0.002334552124 0.142033139225 0.989854063884
1627643490.336740732193 2.203039629241 -0.242779154063 0.914457893258 0.018877567791 0.011681731811 0.170303285376 0.985141596709
1627643490.428539752960 2.151709071799 -0.218679181268 0.904600418231 0.004954135059 -0.007165356123 0.153821252057 0.988060289979
1627643490.528727531433 2.171162809510 -0.237770352881 0.904201394238 0.012917110894 0.013801384752 0.174313565765 0.984508735774
1627643490.631317377090 2.103720328851 -0.229949589763 0.901892007638 0.000777164920 -0.001756950933 0.165666372958 0.986179984592
1627643490.729125499725 2.104864220112 -0.264614482653 0.902549458297 0.011150681842 0.011437719284 0.187442393686 0.982145707073
1627643490.829955101013 2.039635258750 -0.259701212707 0.896847019533 -0.001554320947 -0.003322103052 0.181156923063 0.983447363586
1627643490.929722547531 2.032740403044 -0.303036232010 0.908266370042 0.010733436781 0.009271378926 0.204632439055 0.978736123658
1627643491.029714345932 1.968265013234 -0.293887410445 0.901501669132 0.000916721364 -0.000199767319 0.205122087712 0.978735944393
1627643491.129909038544 1.955967996010 -0.325180727707 0.909661324832 0.008601824175 0.008221135056 0.226819006039 0.973864241082
1627643491.230105161667 1.906025176394 -0.336908494475 0.909449783773 0.000009320482 -0.001269060098 0.230542488110 0.973061432067
1627643491.330314874649 1.883744763117 -0.353826362375 0.920575104516 0.003458758033 0.009078955755 0.253566524299 0.967269159702
1627643491.430680513382 1.810075209469 -0.373680676698 0.913894208741 -0.002256533604 -0.006010385108 0.256932180336 0.966408111532
1627643491.530693531036 1.802320829795 -0.400052369044 0.905798117321 0.003012809927 0.010952096164 0.281546523520 0.959480343550
1627643491.630897998810 1.741168262664 -0.413391399948 0.901011229423 -0.005571869360 -0.004752122248 0.284043583920 0.958783403089
1627643491.731091737747 1.738312503774 -0.462063494650 0.906765069344 0.012521605406 0.008006238651 0.304616949535 0.952358978325
1627643491.831277847290 1.685304801366 -0.462313344319 0.894645321282 -0.004250943463 -0.006080376456 0.298836834423 0.954275382106
1627643491.931473731995 1.679068557416 -0.497150699949 0.905002710275 0.006344784900 0.004000333543 0.314385637517 0.949265722524
1627643492.031731367111 1.653178497751 -0.502303711224 0.891576567667 0.001704170488 -0.000959944336 0.299992377060 0.953939593484
1627643492.133651971817 1.646420365602 -0.516283547397 0.893976246592 0.008508473052 0.000266373385 0.312960588308 0.949727963734
1627643492.232092857361 1.647417966703 -0.506461769933 0.890686774495 0.002201629422 -0.000706818493 0.301899237667 0.953337035645
1627643492.332258701324 1.666434315573 -0.513918362924 0.894963670625 0.006923457944 0.003981067116 0.313250199017 0.949637051536
1627643492.432464599609 1.667087504041 -0.492691072183 0.895720171776 0.002182807328 -0.004457858219 0.306221051323 0.951947493604
1627643492.532655715942 1.701727875776 -0.485235409975 0.897085946101 0.007872617999 0.007491096618 0.318427766439 0.947884836316
1627643492.632878303528 1.698603673884 -0.457263211649 0.896340797280 0.000088055181 -0.008373736912 0.313540150907 0.949538017430
1627643492.733095645905 1.750218827784 -0.442457890023 0.906059718404 0.006350590492 0.003235120110 0.330465317196 0.943791225923
1627643492.834893703461 1.763061933206 -0.423620030685 0.905830102578 0.002652381995 -0.003695906779 0.328905679665 0.944351819518
1627643492.933434963226 1.795035740168 -0.401424454759 0.904896608129 0.005291674680 0.001656543737 0.345822820681 0.938283449038
1627643493.033645153046 1.817539919088 -0.387670069885 0.902090913250 0.005997142856 -0.005469373134 0.349641648778 0.936848353617
1627643493.134292364120 1.855304809365 -0.367570686321 0.903488082478 0.007602579263 0.002983014835 0.365635446951 0.930722312156
1627643493.234016895294 1.878615649372 -0.338607394883 0.900428180295 0.004345730328 -0.004097237143 0.370016265651 0.929006076637
1627643493.334374904633 1.921998632525 -0.321305214622 0.901765722065 0.010165770398 0.005235770033 0.390579877563 0.920498019046
1627643493.434992313385 1.922278801961 -0.278067982737 0.894506911317 -0.001043814230 -0.007495674499 0.396034633695 0.918204385870
1627643493.535764217377 1.979226038158 -0.262743676346 0.901123428901 0.010798527527 0.005167149766 0.415116003511 0.909689725124
1627643493.635682821274 1.984977986435 -0.234780517077 0.902415788047 0.000429840544 -0.009603060034 0.422940591241 0.906106424630
1627643493.735898256302 2.047227748505 -0.229767931498 0.915180755478 0.019698800513 0.000131968468 0.439488480972 0.898032190367
1627643493.835191965103 2.057333954556 -0.170721567088 0.906412577159 0.002289840244 -0.007265048135 0.446077634342 0.894961853850
1627643493.935585021973 2.098937366925 -0.139313637833 0.909602191157 0.009352345005 0.001803714629 0.463722426981 0.885929337460
1627643494.035599231720 2.097006787377 -0.105509095923 0.904012642415 0.002245581710 -0.011276392990 0.474164873248 0.880360990334
1627643494.135783672333 2.145797396868 -0.076148971259 0.916253631522 0.011399999448 -0.001055506529 0.489964029613 0.871667468478
1627643494.236422538757 2.163543754998 -0.028014856497 0.911543767109 0.002916757809 -0.005336646968 0.499987712848 0.866011142956
1627643494.336855411530 2.211634045602 -0.002699976324 0.913976627832 0.010657089816 0.003015088621 0.518036169886 0.855287005845
1627643494.436372756958 2.216499794393 0.032663151866 0.906466614843 0.004528533624 -0.006396366596 0.523558939710 0.851953411595
1627643494.536628246307 2.253763020152 0.071450336384 0.917254269788 0.007244549361 0.003689952437 0.544545992188 0.838691578083
1627643494.636760950089 2.259527958859 0.111728336230 0.908878582934 0.002922545467 -0.007318321468 0.549593687412 0.835394924365
1627643494.737103700638 2.297091592589 0.155211419911 0.913414945296 0.008163604202 0.004036492768 0.569171960783 0.822168073663
1627643494.837153673172 2.303911064262 0.199821848113 0.903858233306 0.001520385836 -0.006142098099 0.575823684895 0.817549415615
1627643494.937463283539 2.334820507137 0.226800042714 0.910769347894 0.007954302844 -0.001335663823 0.595799417098 0.803092771512
1627643495.037887334824 2.333438072813 0.268397260605 0.909685379235 0.003429887256 -0.008384023306 0.598513854938 0.801061239528
1627643495.137927532196 2.371924419398 0.313964180816 0.913242181302 0.006116515381 0.000786440137 0.620351808119 0.784299435111
1627643495.238081455231 2.384362365538 0.360963350202 0.913120551853 0.005324015451 -0.005685496336 0.625245804218 0.780389014722
1627643495.338209152222 2.399007099249 0.393177882051 0.917372754481 0.007412808464 -0.004341216145 0.648056125683 0.761544130092
1627643495.438335895538 2.393712998006 0.452294388637 0.919482064824 -0.000591645013 -0.011376009981 0.648755941213 0.760911272813
1627643495.539577245712 2.416687681406 0.483471879331 0.921693046932 0.005800228858 -0.003835056374 0.674562212092 0.738185255681
1627643495.638876914978 2.417243482827 0.537282897308 0.908491504092 -0.000758939932 -0.004797995600 0.670374989056 0.742006588445
1627643495.738986015320 2.439235230815 0.552885116844 0.912925400674 0.005587613552 0.000167480193 0.689204122297 0.724545670289
1627643495.839113473892 2.430526853576 0.605391972563 0.907773251872 0.000756313265 -0.001742401509 0.675005324104 0.737810412273
1627643495.939308166504 2.419147464216 0.604262149494 0.908824246715 -0.000522288009 -0.007290082326 0.687172746326 0.726457293047
1627643496.039520978928 2.429087036166 0.651532845490 0.910508299596 -0.003808400902 0.003912889821 0.675192089506 0.737621737508
1627643496.139948368073 2.404844229855 0.639215038253 0.911169068356 -0.005488429210 -0.006166969278 0.685703952867 0.727833727342
1627643496.239893436432 2.422525120365 0.663850398452 0.911385161558 -0.003574489800 0.003827489194 0.674805958804 0.737976619760
1627643496.340364456177 2.420141185902 0.616567065377 0.912942214923 0.000256960948 -0.009174902979 0.688889799625 0.724807973949
1627643496.441539764404 2.445767715336 0.623462910212 0.912145229358 0.001674071577 0.002713988805 0.676895379232 0.736072331584
1627643496.540578842163 2.416141603586 0.571174795330 0.900011525143 -0.002003549006 -0.010931479447 0.693760599103 0.720119934234
1627643496.641642093658 2.437821516850 0.571660680941 0.905133258318 0.005017276091 0.002655769592 0.686656832483 0.726959536861
1627643496.740874290466 2.417479912831 0.527452401270 0.898193190143 -0.000551408822 -0.008823652908 0.702544242277 0.711585150732
1627643496.841077327728 2.441816381181 0.501065224199 0.908139533210 0.006484522901 0.003082136176 0.697392669024 0.716653275016
1627643496.941293001175 2.412949548154 0.456292981834 0.883463770939 -0.003059246662 -0.007881428809 0.714284874038 0.699804003140
1627643497.041557550430 2.440532230121 0.433382579243 0.901410231094 0.003330805242 0.000969249260 0.715467724552 0.698637174374
1627643497.141742706299 2.424558834491 0.380193535417 0.898934023482 -0.001237497574 -0.009989771598 0.729751352533 0.683638527688
1627643497.241856098175 2.451849099815 0.359103969614 0.910849572743 0.005869993807 -0.001172023737 0.731487467609 0.681828610623
1627643497.342161655426 2.429410881144 0.320984635844 0.907700123243 -0.005632721339 -0.010086923968 0.746569429642 0.665207195646
1627643497.442300319672 2.457752948631 0.271936407448 0.925238932087 0.009488891014 -0.003646135398 0.749721872052 0.661674981552
1627643497.542439460754 2.434274120154 0.224481103134 0.905275059577 -0.005701103690 -0.013342754192 0.760968816437 0.648626185671
1627643497.642771482468 2.473740746909 0.181337828768 0.921010458929 0.008601431497 -0.001074392566 0.767539319335 0.640943253597
1627643497.742874383926 2.451776469606 0.135594509888 0.902588168536 -0.005548466868 -0.013569529917 0.777803345099 0.628336723999
1627643497.843060016632 2.499679075437 0.092464345389 0.915109341930 0.010829420715 -0.001605346869 0.782961789142 0.621973458639
1627643497.943233013153 2.474812715899 0.053559789249 0.899540003392 -0.006209863624 -0.012626148852 0.795461626522 0.605840588514
1627643498.043687820435 2.509865424511 0.004661568947 0.918663818280 0.008252678448 -0.007700094335 0.797272599377 0.603513880642
1627643498.143700122833 2.505737580775 -0.039280330328 0.902049765081 -0.000833150393 -0.013497039297 0.812320579199 0.583054382027
1627643498.243871212006 2.536178015182 -0.065004056899 0.911110290494 0.005142233521 -0.006993652534 0.816257883402 0.577622466705
1627643498.344054222107 2.544008525399 -0.115322354463 0.906492789462 0.000183734752 -0.011360208540 0.827286835372 0.561664850176
1627643498.444227695465 2.585139938012 -0.156309606198 0.905645338841 0.007352108644 -0.006009211204 0.832706040562 0.553633891566
1627643498.544943571091 2.572531946831 -0.206523223843 0.890141397918 -0.002110017529 -0.014074128339 0.840469709390 0.541671611159
1627643498.645643234253 2.612053369077 -0.248605042752 0.897553409762 0.008894408540 -0.008972203601 0.847992472589 0.529857674749
1627643498.745704412460 2.615897547880 -0.273595053910 0.883299031987 -0.000838797477 -0.012118494990 0.849068946526 0.528142369578
1627643498.844993114471 2.665616360753 -0.305203240441 0.906483577465 0.016060788388 -0.008021725075 0.851744068453 0.523650403283
1627643498.945377826691 2.647580617930 -0.315648956340 0.888256683567 -0.001541821873 -0.013451162006 0.849555535531 0.527325403404
1627643499.046215534210 2.679339790904 -0.345340568115 0.910228274071 0.021197046258 -0.009403774735 0.851347195330 0.524089884709
1627643499.145653724670 2.644497029988 -0.337642319843 0.894501339291 0.001367736679 -0.018615221859 0.848827042926 0.528341039490
1627643499.246108055115 2.666883947339 -0.322147597994 0.906218298112 0.016898664608 -0.007712934495 0.852950967440 0.521660419162
1627643499.345965147018 2.637972167743 -0.296323447875 0.893480786551 -0.001866395043 -0.016157196721 0.848588268697 0.528803755464
1627643499.446561336517 2.662471482237 -0.293777997669 0.921997918544 0.017997341550 -0.009410633289 0.856271202896 0.516127080058
1627643499.546354770660 2.611282482927 -0.261734592403 0.891945631090 -0.005732300804 -0.016989180378 0.854522013000 0.519105613315
1627643499.646554470062 2.639403356940 -0.242243626487 0.922390456066 0.018595453332 -0.010836731058 0.861766698418 0.506848036272
1627643499.747159481049 2.584400312355 -0.190872526480 0.892326788958 -0.001729063560 -0.013748242216 0.861783477091 0.507087009091
1627643499.847217321396 2.600375672438 -0.172215785380 0.917827521507 0.014758510641 -0.008348530913 0.869269015966 0.494048445274
1627643499.947241544724 2.542239394267 -0.140957901063 0.896643061942 -0.007214948635 -0.016797342896 0.873953853219 0.485664962944
1627643500.047337532043 2.569297493252 -0.117951805379 0.919340765444 0.014386182051 -0.009457503052 0.878984550757 0.476539350875
1627643500.147758960724 2.509347171033 -0.079013743515 0.896722913712 -0.006893226992 -0.014303018193 0.885125703396 0.465081064203
1627643500.247734069824 2.538648182120 -0.056546997598 0.919474757375 0.018625933232 -0.008977682103 0.888280292641 0.458836133649
1627643500.347958326340 2.478906810971 -0.014905829521 0.896451976866 -0.005946709378 -0.014221674139 0.896636999514 0.442497990656
1627643500.448225498199 2.491651716740 0.003611157686 0.917338804282 0.013469831700 -0.011887521515 0.898531216974 0.438541791155
1627643500.548317432404 2.435673466541 0.038886075809 0.903705673979 -0.006056267550 -0.016497770294 0.909111761870 0.416181390296
1627643500.648518085480 2.458880347564 0.075817625108 0.926455137173 0.013650929182 -0.008897927143 0.909391491141 0.415621937422
1627643500.748712539673 2.403366408307 0.108488105630 0.905506999373 -0.006507303932 -0.012201142834 0.920392327350 0.390751520617
1627643500.853689908981 2.410783723557 0.146122922272 0.921299375035 0.008936576659 -0.008844279138 0.919249455392 0.393474719754
1627643500.949493408203 2.366957854863 0.161968969069 0.911805495522 -0.000585691856 -0.014356285388 0.930047556121 0.367158136758
1627643501.049782514572 2.354895902980 0.205020799477 0.916311625856 0.003357832571 -0.008922291574 0.929485414677 0.368735652706
1627643501.149785995483 2.326599861464 0.218121139585 0.909125880966 0.001625933611 -0.010034442172 0.939469490042 0.342481741980
1627643501.250070095062 2.303461914858 0.279146605991 0.911251459289 -0.000585977231 -0.002394840136 0.938967059008 0.343998231782
1627643501.349904775620 2.253358044752 0.278295574316 0.919990305282 -0.003387881587 -0.011446591834 0.948474241177 0.316629296839
1627643501.450107574463 2.226708362517 0.323150203335 0.917324242558 0.000491193591 -0.006661106263 0.948552117921 0.316550577285
1627643501.550277233124 2.185132812814 0.324489260499 0.903842840349 -0.002301816037 -0.013114970042 0.956293715611 0.292104482484
1627643501.651096343994 2.169508639579 0.364646052610 0.906444706746 0.001374385829 -0.007970059598 0.956784490366 0.290685445471
1627643501.750867843628 2.133434294194 0.381512585956 0.903926911967 -0.000303439370 -0.009871337625 0.964916654448 0.262370567302
1627643501.853487253189 2.106153477457 0.424547621159 0.913018392001 -0.001101163296 -0.006290266542 0.964030589293 0.265714589162
1627643501.952364444733 2.076181107920 0.425451170347 0.914899162578 0.000416147697 -0.012645123850 0.970897684564 0.239160226149
1627643502.051290035248 2.040357428673 0.456600242323 0.916520711667 -0.001990984749 -0.010537333149 0.971301631317 0.237609220339
1627643502.151934623718 2.018076617131 0.459657292793 0.920443628385 -0.000335148405 -0.013459556930 0.977100237009 0.212353137110
1627643502.251710414886 1.982965055732 0.497920713616 0.918463044132 -0.004408843574 -0.008074043650 0.977261386409 0.211838510546
1627643502.351845264435 1.954876680516 0.499090454252 0.925603887400 -0.003193033680 -0.011693898782 0.982001384752 0.188484316620
1627643502.452081680298 1.925659529508 0.531256637178 0.929346184328 0.001069975034 -0.009666740541 0.982439306604 0.186328790367
1627643502.552246093750 1.881404919443 0.534379692107 0.926944592609 -0.001892846512 -0.014049394901 0.987126633493 0.159311145511
1627643502.652434825897 1.848603823339 0.557902707468 0.919443180241 0.000773327635 -0.010983465982 0.986889499358 0.161021369687
1627643502.753995418549 1.809144924386 0.554757815976 0.918395462897 -0.001973222110 -0.015902856691 0.991010551606 0.132820526085
1627643502.853106737137 1.781919571094 0.587625880140 0.929936541909 0.000265933409 -0.009127678930 0.991486445058 0.129889353004
1627643502.953012466431 1.749338274852 0.581635966053 0.921404172770 -0.002190112650 -0.015478906895 0.993827869309 0.109826103599
1627643503.053220033646 1.717033477161 0.608598522288 0.932153138879 -0.001177979588 -0.012769105847 0.994785998354 0.101174995813
1627643503.153663635254 1.673411336654 0.606937840730 0.922286579183 -0.001304994187 -0.015309852986 0.996358745893 0.083863906866
1627643503.253605365753 1.640245346866 0.624094694321 0.925187160450 0.003493965866 -0.012079037935 0.997248575373 0.073055923527
1627643503.353810787201 1.589412709886 0.631078377436 0.921274271359 -0.003556029680 -0.011660420953 0.998372927544 0.055703561682
1627643503.454002380371 1.576882918176 0.633383701368 0.919189710590 0.008800120655 -0.013650898822 0.998791232834 0.046392715494
1627643503.554439067841 1.509284753202 0.631006833013 0.910005405794 -0.008640955553 -0.015634574413 0.999445513375 0.028099106129
1627643503.654901266098 1.503012606379 0.650120043698 0.926606471773 0.009752059302 -0.012137042227 0.999729599406 0.017271873593
1627643503.755013704300 1.418789379472 0.642707059824 0.909369695657 -0.014011458204 -0.019891746401 0.999702077470 0.001937464040
1627643503.856487035751 1.417370239786 0.651575816832 0.920989185638 0.011272983302 -0.015297979790 0.999775257796 -0.009398167905
1627643503.955147027969 1.357932070854 0.667202615316 0.907393328163 -0.012155860408 -0.011357258932 0.999530608022 -0.025725694434
1627643504.055442333221 1.358411307609 0.668092999012 0.919861236722 0.010163613152 -0.012097674758 0.999130056535 -0.038593747696
1627643504.155361890793 1.283906505958 0.665918176433 0.913749797318 -0.008616540989 -0.011653996890 0.998518002662 -0.052457010384
1627643504.255573272705 1.269365045603 0.660350092696 0.922857174239 0.005594792652 -0.016403846601 0.997937777312 -0.061804568805
1627643504.357655525208 1.207977821912 0.653575541401 0.918848554719 -0.009536794818 -0.016370256161 0.996534583325 -0.080993138565
1627643504.455957889557 1.195148805459 0.660383799176 0.924799079622 0.007046846286 -0.015651404766 0.995781744521 -0.090133749311
1627643504.556216716766 1.122678847976 0.657356618994 0.912766163080 -0.010931195064 -0.012571550671 0.993982865875 -0.108261384779
1627643504.657328605652 1.119187048854 0.658125688421 0.924281393797 0.005185570617 -0.015016287983 0.993115707138 -0.116055216116
1627643504.756538867950 1.060214950152 0.647170121328 0.917525562427 -0.010826224545 -0.013220078924 0.990824312045 -0.134071641429
1627643504.856751203537 1.065837586846 0.635492693911 0.934344682743 0.010662420021 -0.017668468640 0.989692862700 -0.141711592808
1627643504.956930637360 0.987722175497 0.622798227703 0.920470245213 -0.012956055123 -0.012027747285 0.986688902152 -0.161655449337
1627643505.057986259460 0.980150633632 0.623939110622 0.928143297100 0.008014213552 -0.016510376733 0.985655072752 -0.167771443933
1627643505.157320976257 0.911506068653 0.619207947791 0.922125020066 -0.007025234214 -0.007717872687 0.981621849809 -0.190550844928
1627643505.257624864578 0.901889695624 0.618391238129 0.930479887832 0.004641440008 -0.010420989896 0.981546291616 -0.190884094202
1627643505.360560417175 0.844040586976 0.590315441354 0.917298150232 -0.006722347632 -0.010025296403 0.975657005122 -0.218969659614
1627643505.457935333252 0.823673681333 0.584161136498 0.929816755461 0.003532109939 -0.013366386300 0.976037255128 -0.217163856384
1627643505.558103084564 0.770308383129 0.575847962388 0.920293802679 -0.005903321140 -0.005221716987 0.969702718322 -0.244160853844
1627643505.658677101135 0.754748449757 0.559275909777 0.929577506871 0.000539465335 -0.010914547956 0.973335257459 -0.229126729579
1627643505.758498907089 0.731741917716 0.534499601028 0.923682076182 -0.005226064389 -0.013442524478 0.966263769684 -0.257150372705
1627643505.858695030212 0.698138658035 0.533956492459 0.921164016577 -0.007610971023 -0.012701542701 0.972710433605 -0.231549468342
1627643505.958914279938 0.724805153240 0.519757001979 0.931823517020 0.001693780975 -0.017575045308 0.966411262518 -0.256393292749
1627643506.059114456177 0.681672633641 0.530478519374 0.929313786934 -0.012444173528 -0.011902891967 0.972638080948 -0.231686484709
1627643506.159301042557 0.736331964335 0.523116593396 0.930419564484 -0.002469337001 -0.013834750245 0.965947129289 -0.258357592260
1627643506.259488582611 0.718629096822 0.553155187231 0.927391773198 -0.005989418868 -0.009088660382 0.973095477331 -0.230144987155
1627643506.359671831131 0.760529836431 0.546148558707 0.928522587204 -0.003540633289 -0.014626854013 0.966614075447 -0.255794347483
1627643506.459919452667 0.776852067229 0.571857785822 0.934748677180 -0.003310228508 -0.012588239977 0.971155333142 -0.238092203802
1627643506.560071468353 0.817989834589 0.587667917809 0.933639760319 -0.006410100561 -0.009742234094 0.966221861318 -0.257447692156
1627643506.660274744034 0.854856609030 0.606608336697 0.936067518312 -0.003060065971 -0.015688600964 0.969420149688 -0.244885845191
1627643506.760514736176 0.891478186741 0.620416295020 0.926062190810 -0.006483747140 -0.012801338237 0.963222831275 -0.268320450344
1627643506.860673666000 0.933503265639 0.654217647487 0.935718732819 0.001565912641 -0.015803790960 0.967208601522 -0.253486309788
1627643506.960846900940 0.962893065869 0.659862968048 0.921934000543 -0.007989770289 -0.017296731550 0.959212939700 -0.282041704293
1627643507.061135292053 1.019046082900 0.718696422875 0.930345022594 0.000863819246 -0.011981080714 0.962020114224 -0.272714149521
1627643507.161244630814 1.057083101444 0.731089141433 0.919644998573 -0.003802581771 -0.014882498411 0.953143771177 -0.302127461644
1627643507.261441230774 1.097855065604 0.753305430505 0.914043821228 -0.004391214208 -0.020337189214 0.956309859605 -0.291613731492
1627643507.361626386642 1.157594759561 0.777017416851 0.914706953442 -0.002555870684 -0.016021017073 0.948473751800 -0.316440099677
1627643507.461827754974 1.197309723185 0.825301462597 0.920865640753 -0.003136058933 -0.014696191388 0.955728425436 -0.293866234718
1627643507.562053918839 1.255763057771 0.852534709600 0.914743142298 -0.004521249642 -0.015511293385 0.952711996387 -0.303444904420
1627643507.662225723267 1.294279039408 0.894312990801 0.916140791846 -0.004377478463 -0.015029052066 0.961786664011 -0.273352113959
1627643507.762621402740 1.366874272579 0.914394964173 0.921676862645 -0.001154662621 -0.015439309898 0.959841298390 -0.280116005201
1627643507.862663507462 1.387517009983 0.943835166384 0.928173568049 -0.005759230340 -0.013524310222 0.968710726916 -0.247756840181
1627643507.962829351425 1.468940420009 0.964049491205 0.923799560527 0.001548559806 -0.018794529308 0.967680699425 -0.251472526512
1627643508.063019752502 1.482829669047 1.013503391923 0.922364064777 -0.007885053011 -0.010720848100 0.974012753792 -0.226101846093
1627643508.163199901581 1.559532408194 1.036033793331 0.930792040523 0.003372958631 -0.011425777479 0.972290962242 -0.233470253997
1627643508.263396263123 1.584123124534 1.057318076500 0.921936310063 -0.006317480119 -0.014724477957 0.972729956140 -0.231386498358
1627643508.363587856293 1.650921045818 1.082036211124 0.935905573628 0.005322789739 -0.013924375144 0.971516518832 -0.236502501726
1627643508.463798522949 1.662311814132 1.101192549627 0.923092961797 -0.008173611238 -0.013871358401 0.971719070824 -0.235590375211
1627643508.563990831375 1.721172498266 1.126070399247 0.934578105559 0.005575279479 -0.014253789322 0.969419954710 -0.244929984198
1627643508.664195060730 1.721410382951 1.132110121025 0.927345993935 -0.016842181068 -0.015800994461 0.969354357314 -0.244578820563
1627643508.764765739441 1.792194282976 1.149540798923 0.946875400442 0.007956564996 -0.018876946589 0.966121096560 -0.257274912773
1627643508.864665985107 1.785890428998 1.174659221203 0.937042754771 -0.014320245984 -0.013112965613 0.967350128373 -0.252698852045
1627643508.964766979218 1.852361608394 1.183763776904 0.948600739901 0.006497402656 -0.016514385931 0.962903483237 -0.269261844281
1627643509.064971208572 1.848774865689 1.211272240838 0.933278289096 -0.006624329368 -0.011842456405 0.964991534314 -0.261929786756
1627643509.165338277817 1.895463529901 1.211135311171 0.932552807205 0.002338721773 -0.015807391568 0.960315586097 -0.278457594350
1627643509.265529632568 1.901229079933 1.234830939465 0.927098484323 -0.005176150683 -0.016114425974 0.961759773178 -0.273370941096
1627643509.365706920624 1.939015917202 1.241951756509 0.932310099445 -0.004329049406 -0.017514699760 0.957331087737 -0.288429684804
1627643509.465880870819 1.963686479029 1.268896932921 0.933660360085 -0.006067731119 -0.014193681489 0.958567349856 -0.284447460589
1627643509.565940380096 1.998720542258 1.275751329042 0.932337290729 -0.001703011862 -0.016846679882 0.954361841254 -0.298172374788
1627643509.666137695312 2.001724060946 1.303408236055 0.928518480823 -0.004190729674 -0.010086234674 0.955333661641 -0.295327446389
1627643509.766365051270 2.031152192345 1.304633737861 0.924732347120 -0.001046443946 -0.013617351389 0.950625444346 -0.310039896235
1627643509.866533994675 2.044790435248 1.330996632942 0.930521575820 -0.000845917776 -0.009827929305 0.952821182721 -0.303371867493
1627643509.966721296310 2.063454107352 1.324881286063 0.928066486142 -0.005912005631 -0.014060297928 0.947801907835 -0.318494740483
1627643510.067172527313 2.082420596280 1.361484954135 0.940100108260 -0.000642959660 -0.010588314983 0.949695989991 -0.312993611410
1627643510.167202711105 2.097280850022 1.357075768945 0.933135330391 -0.007258410760 -0.015639436137 0.945279101374 -0.325806912167
1627643510.267380237579 2.120022732815 1.385698598280 0.933966675722 -0.002397863986 -0.014323909524 0.945779422029 -0.324484761939
1627643510.367769718170 2.133004537332 1.393514304604 0.930886724815 -0.004586857835 -0.015705838238 0.941644547812 -0.336210994699
1627643510.467930316925 2.148652209620 1.421177940892 0.928963673146 -0.003425903100 -0.014398743849 0.941988984299 -0.335317301706
1627643510.568282127380 2.186700116070 1.429721097770 0.920560767163 -0.002759141107 -0.016146630742 0.937867516368 -0.346606686603
1627643510.668156147003 2.204829549002 1.463324278089 0.922950138376 -0.000492180884 -0.008526084044 0.937151878754 -0.348817172450
1627643510.769255161285 2.220156303644 1.468958386987 0.916476331436 -0.007162679024 -0.015300850744 0.931375872422 -0.363666831408
1627643510.868495464325 2.254149172194 1.513836722444 0.930793205366 -0.000125773442 -0.010369202501 0.932084889464 -0.362091456202
1627643510.968712329865 2.278697561750 1.509061916312 0.922468387539 -0.009906538155 -0.015289393759 0.924882782489 -0.379815657387
1627643511.069112062454 2.318965585637 1.561028773183 0.932977970319 0.000969231474 -0.012449618551 0.925086901786 -0.379550117551
1627643511.169129848480 2.340251057994 1.568489487646 0.935149180538 -0.012081076843 -0.019629497061 0.916532999177 -0.399294367411
1627643511.269372463226 2.370227310355 1.641262936331 0.960066835426 0.002290356171 -0.008045974236 0.918249472587 -0.395914034433
1627643511.369466304779 2.384550425069 1.628436150422 0.932346587946 -0.018823897975 -0.016449253414 0.905637925825 -0.423314339745
1627643511.474109172821 2.431944196659 1.706914838185 0.955103221149 0.000817647172 -0.014317373181 0.909315809395 -0.415859475138
1627643511.569861412048 2.453453557102 1.710711044269 0.944568974000 -0.010334932341 -0.017205978545 0.896023628300 -0.443552478297
1627643511.673166751862 2.476160720287 1.777535933502 0.959446228317 0.000347259456 -0.008774252305 0.902032026876 -0.431579789144
1627643511.770700931549 2.512607872821 1.770489498264 0.946052553412 -0.008212184736 -0.019039484581 0.888087359382 -0.459206816320
1627643511.870697498322 2.540965105892 1.838805428608 0.945776205423 -0.000736336687 -0.014710670700 0.897821505042 -0.440113166197
1627643511.970889568329 2.569889694936 1.822634771409 0.939402641780 -0.011148161265 -0.021682664350 0.886077313979 -0.462895856775
1627643512.070934295654 2.579280049613 1.895509686117 0.963360513588 0.001863005820 -0.013721314875 0.897806116986 -0.440173182998
1627643512.171048164368 2.586096383564 1.873556510730 0.939737370913 -0.013118099784 -0.014727893117 0.889083582659 -0.457319787096
1627643512.271363258362 2.591158525510 1.927611972237 0.960366028905 0.001809598408 -0.006861569582 0.896434069069 -0.443120304239
1627643512.371427059174 2.592181983153 1.911182574460 0.936110205876 -0.008852894235 -0.013986891357 0.891548762903 -0.452622134347
1627643512.471643447876 2.603175196278 1.936226962686 0.958455586490 0.000451252182 -0.006899038695 0.897760402320 -0.440429857824
1627643512.571897506714 2.618813595418 1.904303169295 0.944596781958 -0.005240385136 -0.014127868028 0.893173376332 -0.449459966539
1627643512.672390937805 2.606005783077 1.916530316057 0.949273265737 -0.002516282768 -0.010407275492 0.894503409184 -0.446932889700
1627643512.772285938263 2.603209340982 1.903606676386 0.942898540721 -0.007440803165 -0.013316385439 0.893013999676 -0.449770279931
1627643512.872396469116 2.594305588230 1.900431458407 0.947525151892 -0.004577233204 -0.012077440109 0.892854757578 -0.450159489788
1627643512.972798824310 2.586879512142 1.897867656402 0.942492114433 -0.007553702382 -0.008314575088 0.892199836966 -0.451501118869
1627643513.072796821594 2.584748933893 1.887666235985 0.936217010035 -0.001652804361 -0.012656060864 0.891834063784 -0.452182590372
1627643513.173307895660 2.564989404168 1.874099818633 0.942670531615 -0.007090496168 -0.010297605250 0.891043794848 -0.453745126533
1627643513.273728847504 2.567526257913 1.868556088452 0.952631662732 -0.002615392522 -0.014837186301 0.890722173122 -0.454298390856
1627643513.373445034027 2.562527227853 1.865452632856 0.945539915034 -0.006337052437 -0.011565366280 0.890072619120 -0.455627936767
1627643513.473691701889 2.564201708577 1.854027789948 0.948740303970 -0.005041121287 -0.011858043009 0.887206781009 -0.461192044212
1627643513.573781490326 2.551357695598 1.849272147692 0.944667491933 -0.003282541324 -0.013081067121 0.887616602989 -0.460385573952
1627643513.673976421356 2.546820337328 1.827564374074 0.944958085845 -0.003723713047 -0.014421490985 0.883684898845 -0.467845224526
1627643513.774319171906 2.520984432022 1.817515722225 0.950777257296 -0.006079724487 -0.009342664774 0.881662914392 -0.471748086324
1627643513.874404191971 2.510161386311 1.795056914719 0.951588054199 -0.002529344493 -0.009176750927 0.877650789074 -0.479206095638
1627643513.974619388580 2.487968601918 1.765505307691 0.942830922423 -0.004813120596 -0.011720820703 0.875990927271 -0.482161126151
1627643514.074792385101 2.465673274012 1.737688637238 0.947379007542 -0.001238988466 -0.010241021031 0.870259294261 -0.492485885227
1627643514.174990653992 2.428962856547 1.704848906025 0.945004355693 -0.005653130715 -0.009088066318 0.868024672066 -0.496405698848
1627643514.275140762329 2.425971446340 1.663035756841 0.943447243965 0.001111014185 0.012419247564 -0.858482464870 0.512691315948
1627643514.375502586365 2.384477398156 1.654380023680 0.934442908126 0.004568592173 0.006502586781 -0.861511248903 0.507676286963
1627643514.475624084473 2.384892423577 1.597122683696 0.936247706642 0.001180054021 0.015058287227 -0.854571748238 0.519113650920
1627643514.576319932938 2.340503260934 1.580508753790 0.937999345715 0.004201955922 0.005750182701 -0.864035451177 0.503380589688
1627643514.675927162170 2.346228541630 1.518492741605 0.936394567061 -0.000308175223 0.012050349460 -0.856331024243 0.516286617128
1627643514.776130676270 2.287247744710 1.501271391572 0.922351493856 -0.009428991925 -0.002334898102 0.868320592713 -0.495908248200
1627643514.877039909363 2.307443426244 1.437848466113 0.943755797652 -0.001253217590 0.013996086164 -0.861452711797 0.507643343653
1627643514.976511478424 2.249081526605 1.415710060736 0.930249099527 -0.010565977121 -0.005711032445 0.876389681172 -0.481452875130
1627643515.076749086380 2.266761366511 1.356104767764 0.938558953236 0.002342247065 -0.017158798516 0.868438606907 -0.495494173069
1627643515.177035093307 2.202924280863 1.339188636188 0.925234773002 -0.010177094426 -0.006669052532 0.881630507135 -0.471783424228
1627643515.278597354889 2.208506173823 1.277309068126 0.941997390799 -0.001978189635 -0.016570366485 0.876198632488 -0.481661152832
1627643515.377722978592 2.172019094860 1.261068894153 0.933288951022 -0.009602520276 -0.009153114225 0.887691454073 -0.460247644720
1627643515.481070995331 2.173895953289 1.197263914078 0.946831902156 -0.002660515050 -0.018135801883 0.884367985495 -0.466430359842
1627643515.577691555023 2.129948862292 1.174932598052 0.948353753897 -0.007257281864 -0.012432587166 0.893485923865 -0.448860408693
1627643515.679589509964 2.134384389469 1.125903806740 0.947282996912 -0.003984139485 -0.017842393813 0.892587592645 -0.450503235362
1627643515.792726993561 2.089426895831 1.098275652583 0.951292308730 -0.008283942848 -0.013200748471 0.900204916193 -0.435187574953
1627643515.879738330841 2.070578999251 1.060467820605 0.955245995430 -0.006265030272 -0.014088893578 0.899915573213 -0.435791479451
1627643515.979533195496 2.042982072929 1.026286331016 0.953495562350 -0.007650908742 -0.013789485593 0.907152838866 -0.420505696298
1627643516.078754425049 2.020518633220 0.980070311686 0.954500313123 -0.006965936735 -0.014414859246 0.905801591056 -0.423399533772
1627643516.178978919983 1.993353510009 0.958063514694 0.951716614754 -0.003726964374 -0.010786557335 0.914390473038 -0.404672488235
1627643516.281733751297 1.967422918110 0.917180512865 0.938213881439 -0.007835381335 -0.010304544151 0.911337753251 -0.411455857498
1627643516.379251003265 1.930054676546 0.896662683098 0.948591896462 -0.006309895626 -0.011125578388 0.920391970246 -0.390787701737
1627643516.482056617737 1.903697789529 0.850588795554 0.937277827887 -0.004762120193 -0.008729551809 0.920414004009 -0.390818600326
1627643516.579719066620 1.875941784980 0.822185291119 0.928858947355 -0.004724760903 -0.012422686030 0.925317256467 -0.378960853375
1627643516.680081367493 1.847355487623 0.798586980681 0.925113205075 0.000214816400 -0.008619218700 0.925699834870 -0.378160651899
1627643516.780068397522 1.802742357419 0.763463367575 0.922202974843 -0.006738494479 -0.011033277202 0.930980080295 -0.364840992186
1627643516.881214618683 1.793690848645 0.740200342290 0.932315376276 0.002902028255 -0.011020418589 0.927142268491 -0.374536169926
1627643516.981391191483 1.736147678099 0.710832337499 0.926225351811 -0.009339028406 -0.009538084836 0.930393100316 -0.366320196510
1627643517.080631732941 1.733417787846 0.679182080692 0.941450017384 0.004477437354 -0.012676136997 0.922938818266 -0.384711847808
1627643517.180828094482 1.667184186804 0.651517398387 0.931716882955 -0.012297981908 -0.011422256967 0.926094393289 -0.376918381624
1627643517.281011581421 1.672785462802 0.626012816861 0.936881092594 0.006459554016 -0.015365404190 0.916251399526 -0.400256856758
1627643517.381212949753 1.583906205388 0.596659133432 0.924806048843 -0.014211418224 -0.005894454226 0.918950790415 -0.394071993166
1627643517.481441020966 1.599081872131 0.548941293555 0.930833928508 0.004176724447 -0.018924162451 0.907657094311 -0.419264868783
1627643517.583951234818 1.532788589289 0.532908172150 0.926190627003 -0.007871838296 -0.008020738814 0.906950243378 -0.421087826882
1627643517.682321548462 1.538283435827 0.487673994254 0.929564986880 0.002714195704 -0.016251292248 0.896645574836 -0.442442359826
1627643517.781993150711 1.481578979341 0.460726319343 0.921322431478 -0.011716298313 -0.009835874998 0.895319238644 -0.445162267978
1627643517.885840654373 1.479095174193 0.428098808874 0.923904957870 0.001148456256 -0.014858245839 0.884525598893 -0.466253555999
1627643517.982388734818 1.421940683969 0.400922080824 0.918861298841 -0.009029294347 -0.006555785321 0.881747322083 -0.471590026953
1627643518.082587003708 1.413999720350 0.352519969789 0.923688307791 -0.001141056757 -0.018938301425 0.870479732148 -0.491838463979
1627643518.182791709900 1.378061737059 0.328618710573 0.920238152839 -0.004623153619 -0.009089375196 0.866857818145 -0.498451133844
1627643518.284375667572 1.376256342217 0.275306336672 0.921959638524 0.000125773604 0.019277914375 -0.856195087592 0.516292860867
1627643518.383184432983 1.335585672527 0.258649465335 0.917352550373 0.003899102660 0.005943249173 -0.850768779670 0.525492110622
1627643518.483742237091 1.336631180560 0.196802974643 0.922228335980 -0.000386306807 0.020095533107 -0.839717952555 0.542650698400
1627643518.584140062332 1.280845845288 0.180154347777 0.917660759977 0.006650173204 0.006906378885 -0.835718874522 0.549073801865
1627643518.683814048767 1.285632756682 0.117268343285 0.916485867482 0.002616287307 0.022185186640 -0.822362043438 0.568525849937
1627643518.784264802933 1.247930316938 0.094622431155 0.914905243940 0.005203353317 0.011432146196 -0.816911039966 0.576626901843
1627643518.884152412415 1.247973481896 0.056485155563 0.912336084590 -0.002902072253 0.017302110956 -0.805674796354 0.592098249831
1627643518.984349250793 1.214003046897 0.013729667233 0.915335621134 0.007364962947 0.008963998342 -0.797423985089 0.603307875018
1627643519.084772825241 1.213671552294 -0.020813476000 0.924550071035 -0.003021354890 0.013468171279 -0.787667786678 0.615945563834
1627643519.184739112854 1.176606251407 -0.073288252398 0.912538618882 0.008670870830 0.007636027201 -0.779010864079 0.626903964523
1627643519.285018444061 1.196361578903 -0.112982469041 0.922680006698 -0.003158507327 0.019508854127 -0.777236400613 0.628898247735
1627643519.387751102448 1.159485119622 -0.150516322624 0.916566982281 0.008218074693 0.007198161593 -0.771920539646 0.635625149118
1627643519.486091136932 1.182979257727 -0.177918312483 0.914380252715 -0.003573619906 0.023817144699 -0.776845959689 0.629229948249
1627643519.585577964783 1.146038994170 -0.194849573232 0.914236477036 0.011672185172 0.007108771914 -0.769642781295 0.638328453585
1627643519.685723543167 1.180605022058 -0.213820679662 0.915770094247 0.000101968563 0.027088594450 -0.781289190417 0.623581108270
1627643519.785915851593 1.151414957677 -0.206753925569 0.909705864975 0.010384924556 0.013591182095 -0.768480639274 0.639644385712
1627643519.886169195175 1.183124762907 -0.189128680664 0.914354698067 0.000890807767 0.022824607596 -0.778751769835 0.626916202318
1627643519.986306667328 1.166447388936 -0.166106424183 0.912187679788 0.006764033470 0.011299123843 -0.768117702224 0.640173236852
1627643520.086510419846 1.195167202355 -0.140594657805 0.918781031507 -0.001302866599 0.020718683678 -0.772487542913 0.634690503104
1627643520.187157869339 1.173075381662 -0.113198697433 0.914635019228 0.007359512658 0.010295167301 -0.761927804166 0.647538314189
1627643520.286914348602 1.196429567682 -0.084566512077 0.920259849801 -0.000229496707 0.019897582619 -0.765311920648 0.643351923640
1627643520.388655185699 1.179963394889 -0.050457977202 0.916129426314 0.007392609480 0.011074401488 -0.753506388925 0.657305734652
1627643520.487289428711 1.205534342414 -0.014973243455 0.912102174122 -0.000302902235 0.020736999154 -0.754130611027 0.656396912416
1627643520.587481498718 1.187797925884 0.024811555484 0.912593567919 0.005654974811 0.011678415602 -0.742213586275 0.670037781186
1627643520.687689304352 1.214160027082 0.062659460260 0.912590739553 -0.003422882836 0.018966251276 -0.740218213245 0.672090441805
1627643520.787873029709 1.190103253715 0.105620040995 0.910672104325 0.005410659414 0.007761661619 -0.725533546234 0.688121758602
1627643520.888089895248 1.205690702037 0.140450629676 0.915078520731 0.002985245470 0.018729977379 -0.724385991901 0.689133667001
1627643520.988314867020 1.192703302266 0.185284768634 0.903197270039 0.007596531345 0.012334618265 -0.708588874104 0.705472860853
1627643521.088949680328 1.217314758441 0.233358354379 0.911791046674 -0.004731126696 0.019840117002 -0.707251338910 0.706667906310
1627643521.189697980881 1.188065044855 0.273136639067 0.914237030918 0.006097851319 0.009345471307 -0.691159576897 0.722616023653
1627643521.290183067322 1.206934123204 0.305709678374 0.922450385717 0.000452942695 0.024122401743 -0.687991749657 0.725317349152
1627643521.389052391052 1.178762977677 0.356352435543 0.924755259956 0.010195362942 0.006057742519 -0.672123890022 0.740343727462
1627643521.489359855652 1.199568729630 0.398308241817 0.922776834741 0.001404711323 0.021375314685 -0.666670168041 0.745044971631
1627643521.589439392090 1.159320261244 0.457592167677 0.918736613785 0.011560926429 0.006572896087 -0.649816935982 0.759974402021
1627643521.689637660980 1.198311109782 0.504376581527 0.930490243517 -0.004968537349 0.022562762502 -0.642860245296 0.765634991626
1627643521.789827346802 1.150400643543 0.551105300018 0.928802698373 0.009029794891 0.005011288305 -0.629517413593 0.776917740676
1627643521.890387058258 1.173429619303 0.595750401497 0.920072593513 -0.005474458017 0.022417813467 -0.618647241144 0.785329907092
1627643521.990223407745 1.112990280159 0.630702109344 0.920585992684 0.013429156841 0.001510318047 -0.607279882534 0.794373036397
1627643522.090515851974 1.146567764686 0.665399519347 0.922116752518 -0.000179665917 0.020706841364 -0.602187475058 0.798086110218
1627643522.190618991852 1.108226515505 0.691139006526 0.927783376029 0.011491091285 0.007838618184 -0.600420409683 0.799563532512
1627643522.290804386139 1.135734055860 0.725364737982 0.927233258381 -0.003397322284 0.020407955581 -0.599423381527 0.800164722560
1627643522.391756534576 1.101271253714 0.743023932955 0.931950563025 0.006142113955 0.004456801532 -0.602117754077 0.798371230432
1627643522.491205692291 1.114808251162 0.745918948851 0.930620767543 -0.002203578666 0.015327154134 -0.600555150077 0.799433383281
1627643522.591509342194 1.098673361755 0.747732365781 0.925931531329 0.008408480270 0.006684137285 -0.599557464809 0.800259624222
1627643522.691606521606 1.125237509591 0.729162833705 0.925917518410 0.001273177804 0.017659544144 -0.601331998445 0.798803071580
1627643522.791927337646 1.109204513554 0.714243500912 0.926748450262 0.005477353084 0.005223301370 -0.597816545723 0.801597213933
1627643522.892024040222 1.132713571191 0.677823881283 0.923231963344 0.001192287735 0.017942521889 -0.598215455891 0.801133517393
1627643522.992824077606 1.123064874485 0.652485830827 0.923211727791 0.006655477731 0.007074661642 -0.593965475897 0.804431890977
1627643523.092566490173 1.145570054950 0.622024042259 0.927736619304 0.001015238621 0.014723805017 -0.592529988227 0.805413180863
1627643523.192596912384 1.132584005485 0.584663678379 0.928148670232 0.008400708154 0.004219826476 -0.589221111929 0.807917138340
1627643523.293156623840 1.172991583262 0.543164655986 0.930206940019 0.002545737371 0.016682971197 -0.585546301943 0.810463278609
1627643523.393189430237 1.159133582191 0.516856328523 0.932259701857 0.007019591667 0.003231103673 -0.584982530081 0.811009078125
1627643523.493208408356 1.209370085599 0.461420918830 0.925373581582 -0.001127502648 0.018372432297 -0.579088759671 0.815056679558
1627643523.593945980072 1.199206782658 0.421768075618 0.930900304068 0.009302799722 0.006417784791 -0.583003494022 0.812391036333
1627643523.693645954132 1.237656554763 0.387727752737 0.927158423081 -0.002464426499 0.014900129727 -0.576848392389 0.816711604506
1627643523.794024467468 1.221520237470 0.344688089485 0.916825972491 0.007364470879 0.004687223009 -0.580794663841 0.814003288054
1627643523.893947839737 1.255943245838 0.294554543768 0.919148305161 0.001550883197 0.018244453980 -0.577067227778 0.816491365101
1627643523.994207382202 1.242509554642 0.255094259114 0.919308263072 0.007233860795 0.005906331364 -0.582058989627 0.813092933866
1627643524.094382286072 1.280699720283 0.212240757544 0.918079897139 -0.001479982934 0.015147632449 -0.577765814438 0.816060673326
1627643524.201573848724 1.277497965570 0.168687957508 0.918419229968 0.005001224471 0.006577111594 -0.583138995309 0.812330377067
1627643524.294827938080 1.313249090240 0.123683751851 0.916868891273 0.001302042235 0.015090774272 -0.580258902942 0.814291212512
1627643524.394957542419 1.300764453201 0.078527917584 0.922378913452 0.010054530215 0.002755129435 -0.588241411192 0.808618178032
1627643524.495213508606 1.350431349612 0.033635856899 0.923913188816 -0.000636334043 0.016921573334 -0.585148990294 0.810748983713
1627643524.596615314484 1.339014999033 0.000526916652 0.916951210658 0.007247706339 0.001620917648 -0.592509824673 0.805528988333
1627643524.695504188538 1.387039778585 -0.051617435261 0.920421031197 -0.000316909566 0.019192051690 -0.588230053157 0.808465812068
1627643524.797667741776 1.358584202675 -0.085540568109 0.909540766191 0.005841429173 0.001882570266 -0.600774540230 0.799394949600
1627643524.895906448364 1.397539635188 -0.149219419675 0.908719844289 0.005322236119 0.019291584214 -0.581824737917 0.813067944842
1627643524.996148824692 1.377971275821 -0.178889095499 0.908346196619 0.008540890528 0.005195415277 -0.588162996440 0.808680623280
1627643525.096999645233 1.425509282753 -0.219633472212 0.908685585241 -0.001344063566 0.014523326696 -0.563844690691 0.825752039812
1627643525.196487188339 1.415325241741 -0.251669765266 0.904239060381 0.008920468720 0.006661029113 -0.567152498462 0.823537551917
1627643525.298296928406 1.452622991891 -0.293163640265 0.906299637858 -0.000213827206 0.015865453384 -0.545508043458 0.837955378400
1627643525.399116516113 1.432077363081 -0.328415944431 0.908329636226 0.007240312111 0.004362145388 -0.551005204201 0.834458995105
1627643525.506522178650 1.464112854807 -0.376309481263 0.916734075621 0.006668391758 0.013972851692 -0.532308618425 0.846408782278
1627643525.597267627716 1.461990126328 -0.386327386868 0.904506480992 0.010171069541 0.009120157552 -0.543648647232 0.839201716176
1627643525.697801113129 1.492935189333 -0.401455583536 0.907872688450 0.000644148270 0.010901627635 -0.527432642741 0.849526660535
1627643525.797834873199 1.479067725557 -0.424035909698 0.902754065161 0.009834481521 0.010314818023 -0.541341938210 0.840681743252
1627643525.898353338242 1.508061129629 -0.423142125062 0.908034313506 0.001286328517 0.016212560355 -0.527978548464 0.849101967144
1627643525.998270511627 1.476420592318 -0.411565410426 0.906339779522 0.009810501508 0.006344946532 -0.541052210827 0.840907843270
1627643526.099296569824 1.498445435177 -0.403895618136 0.912320682743 0.003132616650 0.015306850981 -0.527779584657 0.849237656399
1627643526.198619604111 1.464513808192 -0.378034657598 0.907594321165 0.006873697753 0.008169306883 -0.539569323096 0.841873482346
1627643526.298662900925 1.472081715523 -0.350712496353 0.914959071520 0.002731417228 0.013317924487 -0.523478523529 0.851930400709
1627643526.398833274841 1.435716496396 -0.325255099547 0.907465212106 0.008856427212 0.009496967532 -0.530426675238 0.847631354718
1627643526.499035835266 1.429727778719 -0.290932231821 0.913049075451 0.004906201175 0.012391298910 -0.512843928401 0.858378407233
1627643526.599228382111 1.395546891871 -0.236722847727 0.909091330142 0.005712388957 0.007844386395 -0.511623582771 0.859154900916
1627643526.700524806976 1.401614655015 -0.192814109912 0.904681274815 -0.000322780677 0.016724922791 -0.491339541772 0.870807457169
1627643526.801636219025 1.358427891094 -0.143938765692 0.913251978115 0.003561070593 0.007758129911 -0.490043719879 0.871656057631
1627643526.900797367096 1.342375248328 -0.122142576118 0.906366291295 0.006324554293 0.017303070370 -0.466632627555 0.884259348082
1627643527.000074386597 1.290846678252 -0.064623012105 0.913581307997 0.005350193256 0.008005217694 -0.464278620264 0.885636863894
1627643527.100213527679 1.286222087090 -0.031312222534 0.919466781414 0.002875892205 0.014135014419 -0.439894438447 0.897933635429
1627643527.200398206711 1.237079912785 0.014944008445 0.913558818295 0.004645492070 0.010382812529 -0.432793010993 0.901421558564
1627643527.300607681274 1.216039943773 0.053279535854 0.910723065667 0.000866477455 0.012807545531 -0.413319668612 0.910495506597
1627643527.401672124863 1.172938535853 0.086333839123 0.910110515633 0.004839447473 0.011537530991 -0.401517900315 0.915765712862
1627643527.501046180725 1.139549658872 0.130652799995 0.911525222869 0.001251283377 0.011904822381 -0.380180709275 0.924834762425
1627643527.601438522339 1.094032596959 0.157368190141 0.907160793012 0.004524602020 0.011512112059 -0.371374504507 0.928400762954
1627643527.702061891556 1.049661853199 0.195356669093 0.914711752798 0.004236175003 0.012806411821 -0.348680171765 0.937144699849
1627643527.801583766937 1.008857174003 0.234932289669 0.918046087463 0.003510137569 0.012097450724 -0.338046118012 0.941045244777
1627643527.901768207550 0.975219256446 0.265305823524 0.917272136548 0.002679129087 0.015145414733 -0.317311681547 0.948196570039
1627643528.002088546753 0.928707836636 0.304249682907 0.924734194433 -0.000267191961 0.010808452700 -0.303527270626 0.952761408719
1627643528.102189779282 0.884077150315 0.332014847491 0.917186029961 0.002387433051 0.012899868799 -0.288148114081 0.957495983229
1627643528.203452587128 0.839639633513 0.368198753182 0.916657626155 0.001404830596 0.012863642713 -0.265203306765 0.964105678454
1627643528.302560329437 0.776640818182 0.387176021018 0.925938723253 0.002031980360 0.009068866339 -0.257644111604 0.966195186531
1627643528.402754068375 0.727818869728 0.414884100147 0.927271920551 0.002499932849 0.007844513089 -0.233155439827 0.972404625056
1627643528.504068374634 0.678550954099 0.436165323221 0.918284689925 0.004817893009 0.009795931393 -0.221419830832 0.975117473000
1627643528.603311538696 0.631281379131 0.458309243838 0.918702580768 0.003598363549 0.008326402192 -0.199610215450 0.979833396397
1627643528.703346729279 0.575312462076 0.472687507793 0.920934485849 0.005488889719 0.008251365948 -0.183455740298 0.982978015218
1627643528.803685665131 0.517985815252 0.505597346266 0.917347246507 0.001115724093 0.005161241423 -0.164637081030 0.986340077406
1627643528.903724670410 0.474717848853 0.516796127257 0.921096124660 0.002373864404 0.007469980712 -0.150241327017 0.988618282156
1627643529.005562543869 0.417477581648 0.539172493784 0.930343540670 -0.000019982404 0.006378665788 -0.128738110206 0.991658112055
1627643529.104319095612 0.352618739062 0.546524123223 0.923779125093 -0.002870480434 0.006398802682 -0.114551611929 0.993392542689
1627643529.204319000244 0.287493878147 0.541756199401 0.926069806789 0.005838116392 0.000510606624 -0.101578997688 0.994810214517
1627643529.304514884949 0.256160571169 0.541394064183 0.933711718628 0.004223575789 0.006634075918 -0.101203094704 0.994834701881
1627643529.404718637466 0.206154954867 0.556636628380 0.932483181348 -0.000274692343 0.000008456160 -0.101928390082 0.994791700693
1627643529.504977464676 0.174675160944 0.555535712137 0.935225613197 0.002661364191 0.004579621301 -0.105698599329 0.994384106022
1627643529.605102539062 0.138500824967 0.562670340605 0.925846093273 0.002141032161 0.000200971371 -0.113414312114 0.993545454118
1627643529.705319166183 0.127424209230 0.567523473330 0.919761094823 0.002061970699 0.001214097255 -0.112423854824 0.993657461659
1627643529.805535554886 0.125373652757 0.568950504935 0.914818211640 0.002862111841 0.002736910321 -0.117287649870 0.993090088978
1627643529.907233953476 0.133424716278 0.568900546337 0.912910963627 0.005627368148 0.000567685568 -0.109365138210 0.993985551708
1627643530.006181240082 0.153851747108 0.566253983777 0.916120217971 0.004159077178 0.002632749541 -0.110347361594 0.993880893516
1627643530.106075286865 0.173451633010 0.567439667184 0.923992369398 0.003560253679 0.000926659736 -0.101970615183 0.994780608745
1627643530.206282138824 0.217614324317 0.560603511583 0.921850046262 0.003322550972 0.001346311156 -0.088344127801 0.996083562350
1627643530.306711673737 0.261875155405 0.553752164453 0.919702962385 0.003083694641 0.001766641655 -0.074670731434 0.997201911185
1627643530.406690359116 0.305937290213 0.546931574477 0.917565517224 0.002845333315 0.002184754640 -0.061044737215 0.998128584394
1627643530.506973505020 0.350133605427 0.540090214070 0.915421562999 0.002605712346 0.002603730920 -0.047365798247 0.998870818477
1627643530.607141017914 0.394278959407 0.533256742197 0.913280080893 0.002365878898 0.003021735735 -0.033693746486 0.999424836182
1627643530.710560321808 0.439857427383 0.526201431709 0.911069078720 0.002117794773 0.003452715223 -0.019571253505 0.999800259922
1627643530.807445526123 0.482556217803 0.519591880375 0.908997769117 0.001884999874 0.003855840832 -0.006337426836 0.999970707715
1627643530.907649040222 0.526717438064 0.512755952484 0.906855517341 0.001643884493 0.004272061235 0.007350798574 0.999962505746
1627643531.009102821350 0.568809828731 0.500620954138 0.914735120347 0.005500287728 0.003872167068 0.026745179866 0.999619651923
1627643531.108073949814 0.614939921150 0.495618540878 0.916093598760 0.007483620972 0.002960329274 0.042539950048 0.999062352668
1627643531.208233833313 0.669708452169 0.497969436064 0.922615453290 0.007083800301 0.004759325360 0.063938127584 0.997917373552
1627643531.310015678406 0.718209965578 0.496435965210 0.925981693644 0.007344527911 0.000788136018 0.076538652473 0.997039252702
1627643531.408662557602 0.792145200341 0.502387413512 0.918964678200 0.003094572659 0.011031801997 0.102062737683 0.994711978686
1627643531.508818626404 0.802248047887 0.503447090201 0.926437603499 0.004057679700 -0.004766024149 0.109545494214 0.993962074199
1627643531.609010696411 0.886975632194 0.508530379285 0.920017439160 0.010164140123 0.014238843662 0.136706782125 0.990457066867
1627643531.709653615952 0.893236404342 0.515990205836 0.922133568437 0.006042008805 -0.009180733725 0.149925571022 0.988636197705
1627643531.809548139572 0.979778657887 0.529100479717 0.917762937130 0.007685902629 0.008279094976 0.177957648219 0.983973301938
1627643531.911777019501 1.008190381590 0.538713415667 0.920967561069 0.005234313274 -0.007765846450 0.185023768176 0.982689421335
1627643532.009799003601 1.080437395586 0.545967664947 0.918601990225 0.007286048534 0.005896373353 0.215063302365 0.976555130166
1627643532.110442399979 1.111719445532 0.565478724203 0.917672927077 0.004517842298 -0.003880160014 0.222632801912 0.974884182338
1627643532.210409402847 1.183075616023 0.579266477486 0.921181428302 0.010162145869 0.005713499265 0.246971587861 0.968952589917
1627643532.310388565063 1.210508864731 0.597185903835 0.928737503846 0.007770158272 -0.004795160768 0.254601085996 0.967003060018
1627643532.411125659943 1.275561818784 0.625533373726 0.920349530039 0.011520997948 0.008563555787 0.271933367229 0.962209008431
1627643532.510775566101 1.303407825535 0.660744780389 0.919715517870 0.003068866395 -0.002183374643 0.278370320822 0.960466438466
1627643532.610976696014 1.363316490890 0.676888160575 0.925348958999 0.010589040314 0.007000690011 0.281650264852 0.959433161233
1627643532.711165428162 1.382743575677 0.709802839496 0.922783896113 0.001938044837 -0.001240377348 0.276771654408 0.960932961638
1627643532.811365604401 1.432428127186 0.708205215795 0.926120773061 0.011867689003 0.008004509723 0.277222096502 0.960699221918
1627643532.911563873291 1.428782979471 0.733957586867 0.928225909674 0.006300035106 -0.002580888636 0.267055081206 0.963657217154
1627643533.011824607849 1.460529887266 0.748216775278 0.931056009425 0.005969822201 0.010333230068 0.270686158438 0.962593678147
1627643533.113484144211 1.439516965182 0.743737174195 0.931196111249 0.006668135917 -0.000191775149 0.264813689754 0.964276520976
1627643533.212519407272 1.452951958384 0.736880879974 0.933576182119 0.010855883261 0.008313485784 0.270621978433 0.962588583218
1627643533.312348842621 1.413660600399 0.732566354050 0.925722410375 0.003884558181 -0.002277536795 0.273299632474 0.961918413341
1627643533.413665294647 1.424093122871 0.710428814183 0.923617808543 0.010299269245 0.011605566391 0.279006657959 0.960163798889
1627643533.512809276581 1.368837783158 0.696386290697 0.926386226822 0.004700689405 -0.001842150693 0.287232031580 0.957847728000
1627643533.612935066223 1.370423538301 0.674856940293 0.929583075949 0.009148889210 0.011489548085 0.295489666149 0.955233031940
1627643533.713196516037 1.298368695488 0.656062482102 0.926878108816 0.002544060092 -0.002733400213 0.310977410759 0.950409967477
1627643533.813329935074 1.281084640968 0.627809472497 0.927485499640 0.006433666571 0.008400030926 0.318903300210 0.947728195492
1627643533.913612842560 1.237419358906 0.592080402038 0.925848323742 0.004441625972 -0.003763155161 0.335801038266 0.941914950153
1627643534.013755083084 1.217494134529 0.565911719054 0.918109542801 0.005431583905 0.007460223048 0.343836200479 0.938984297104
1627643534.113908290863 1.161286664352 0.519529622669 0.926343427172 0.006001926196 -0.002706314256 0.365557606905 0.930765431663
1627643534.214110374451 1.140430855511 0.491176262048 0.914812618577 0.004623065546 0.007459285218 0.371553043584 0.928370250564
1627643534.314509391785 1.074634701984 0.441998287316 0.913083359955 0.004912605212 -0.007782643888 0.393341491172 0.919346380907
1627643534.414505958557 1.072302074663 0.412302869511 0.911639150745 0.008145823641 0.008976980915 0.400139189958 0.916374207423
1627643534.514694213867 1.008012234482 0.368891711863 0.915099405060 0.001477727398 -0.005345622455 0.422991760946 0.906116554762
1627643534.614892959595 1.003354963428 0.325930621998 0.916197494132 0.008546628984 0.008294014871 0.415008976241 0.909739366022
1627643534.715087652206 0.945339531486 0.288729175929 0.916216815815 0.000888568493 -0.003540429935 0.429042560007 0.903276899685
1627643534.815284252167 0.938064789526 0.250707523478 0.918716436085 0.008726681416 0.011175382540 0.412283472640 0.910945275000
1627643534.915517568588 0.876162265033 0.203346775386 0.918909963391 0.001308595154 -0.003244566188 0.421354731997 0.906889160919
1627643535.015678882599 0.868127182183 0.160439084615 0.915394388731 0.007765281980 0.011671419275 0.399165132567 0.916771877465
1627643535.116046428680 0.788498251808 0.119758757504 0.913767630645 -0.001465327636 -0.007175961971 0.405099666480 0.914243194452
1627643535.216074943542 0.780176480799 0.072884898587 0.913661609552 0.009264753556 0.008692236298 0.378978078774 0.925318445282
1627643535.316498279572 0.716869217542 0.027800813684 0.913040283125 0.001817675329 -0.002454983424 0.375763597247 0.926710520117
1627643535.416459083557 0.697001580104 -0.024578544777 0.920337692105 0.011020512934 0.006397167061 0.352817492546 0.935605387705
1627643535.516666173935 0.625464547785 -0.040121035184 0.919503730996 -0.003151893288 -0.001121213782 0.343541493182 0.939131540792
1627643535.616860389709 0.598175012472 -0.092087819888 0.923806671733 0.008142429536 0.006481129643 0.324818114470 0.945719243915
1627643535.717048168182 0.537300672571 -0.123276866166 0.914617923276 0.002526724033 -0.001192720019 0.311206901662 0.950338075341
1627643535.817749738693 0.497741482692 -0.169524585617 0.913584644467 0.009614705305 0.004613806883 0.294695734242 0.955531629224
1627643535.921642780304 0.440406180016 -0.184007856296 0.911467337016 0.001051488909 0.002515916009 0.280604983091 0.959819466359
1627643536.018431663513 0.400261073656 -0.230186472748 0.919327777447 0.009988734700 0.002159394585 0.263113396360 0.964710787153
1627643536.117835998535 0.339974823452 -0.238848707814 0.908249979243 0.002569817122 0.000538938623 0.267816847885 0.963466263848
1627643536.218023777008 0.302949777009 -0.268014867660 0.916722391901 0.007863247585 0.002760764463 0.255447738815 0.966786946670
1627643536.318232536316 0.257800917020 -0.269266043851 0.915269463483 0.000941914042 0.000681352726 0.270686922252 0.962666732924
1627643536.418891906738 0.230499462220 -0.294655451988 0.924001270277 0.005421898125 -0.001840815208 0.262749930616 0.964846976666
1627643536.518615722656 0.211152699057 -0.302355739950 0.917942748201 0.000691134256 -0.002299385280 0.277630565223 0.960684914223
1627643536.618816852570 0.199497181093 -0.317269826591 0.920896139480 0.003243600926 -0.004724128018 0.269784502962 0.962903673079
1627643536.720149993896 0.204337133109 -0.318543178021 0.911173844296 0.002924479507 -0.000689165272 0.280193197898 0.959938927392
1627643536.819205760956 0.205524489092 -0.313509639139 0.910461068848 -0.000198254421 -0.002286167848 0.266582726378 0.963809309007
1627643536.919392824173 0.226281362482 -0.304862094786 0.917056896969 0.005437152701 0.001061308972 0.277560655641 0.960692142902
1627643537.019588708878 0.234346156670 -0.285480566693 0.914489814945 -0.003479851066 -0.003462532470 0.256183402154 0.966615728181
1627643537.122016429901 0.270152060955 -0.280851563179 0.915511366332 0.007737740944 -0.002671465686 0.265743196245 0.964009099690
1627643537.220000267029 0.304779848512 -0.252479191625 0.915778930199 0.001861174890 0.000552734799 0.240760300943 0.970582664177
1627643537.320177555084 0.338436082380 -0.242513557794 0.911547450429 0.007501088554 -0.001111666354 0.244656859212 0.969580073593
1627643537.420668125153 0.369567036496 -0.210405147689 0.911646832494 0.001669777128 -0.003018833313 0.220229297167 0.975442030650
1627643537.520797729492 0.421204321927 -0.194347713664 0.915867259346 0.005031815892 0.002114003140 0.220109212815 0.975459966505
1627643537.620763778687 0.460921309564 -0.161226458276 0.906724072059 0.002495140033 -0.000933289281 0.197910096654 0.980216556119
1627643537.721005678177 0.507273488534 -0.153485111548 0.913631854219 0.010784994540 0.001717108338 0.194075327865 0.980925839473
1627643537.821158409119 0.554501431809 -0.116401375592 0.906767825941 0.001979401377 0.000080514041 0.170966746695 0.985274807864
1627643537.921612739563 0.612583377369 -0.101594674639 0.913642259861 0.006024406314 0.005932837585 0.170680592905 0.985290131470
1627643538.022154808044 0.655633854896 -0.072500297050 0.905425837002 -0.000018832227 0.001952833756 0.140291676161 0.990108292908
1627643538.121775150299 0.717252152763 -0.068524252329 0.905299887875 0.007924203768 0.005341978416 0.141681135487 0.989866216268
1627643538.222147941589 0.765164572056 -0.026297506837 0.904071769301 -0.000470178188 0.005208822985 0.111868656823 0.993709238518
1627643538.322135448456 0.824769024135 -0.033679285940 0.905009089089 0.010807442222 0.006461941429 0.112247534018 0.993600489942
1627643538.422352790833 0.868798746815 0.006223939813 0.907581670353 0.000149200964 0.006264262596 0.081575802601 0.996647442772
1627643538.522525787354 0.918772692624 -0.001770774302 0.909430504575 0.009481111140 0.006842390253 0.079890079861 0.996735102907
1627643538.622724056244 0.972487709735 0.028732431813 0.906944495291 0.000694127084 0.003023325400 0.051035488015 0.998692022925
1627643538.722920417786 1.034362981048 0.031137005274 0.909981974138 0.008270844545 0.011517497732 0.053841940111 0.998448789804
1627643538.823147773743 1.069902119274 0.058492957306 0.907564782750 0.003153271520 -0.001783686447 0.032102043370 0.999478030851
1627643538.923319339752 1.155914135842 0.057860333601 0.919258823749 0.005556148460 0.010846347007 0.051001011832 0.998624245031
1627643539.026485919952 1.190555242964 0.076390840548 0.918524181228 0.000538024253 -0.002297689633 0.040264093476 0.999186285899
1627643539.123758316040 1.265579794970 0.070260975291 0.919264736045 0.006823327986 0.007554469719 0.070626287053 0.997450900927
1627643539.223987579346 1.310409776259 0.090549118812 0.916284195290 0.003144299909 -0.003198890260 0.069506438650 0.997571418729
1627643539.324092864990 1.391662469863 0.081100396899 0.908797331844 0.009583744656 0.010553366425 0.099401493054 0.994945285669
1627643539.424398899078 1.425266620178 0.094914225663 0.904630933791 0.003066783128 -0.004258354818 0.100633313956 0.994909743332
1627643539.524728059769 1.502959728707 0.090276431145 0.909384703736 0.012076463742 0.009591294242 0.129298407449 0.991485798148
1627643539.624779701233 1.532466529280 0.120408454034 0.898475897528 0.003427376018 -0.003919766060 0.136718266902 0.990596287103
1627643539.724871635437 1.602533889854 0.125068330510 0.907897377782 0.007282242176 0.006625753700 0.162374608437 0.986680067130
1627643539.825150966644 1.649490312772 0.130300405048 0.905866308014 0.003746155820 -0.002628392400 0.168319966649 0.985721789704
1627643539.925441265106 1.709398859567 0.130631558362 0.913026979072 0.010827459165 0.005737736675 0.178333558607 0.983893788160
1627643540.025848388672 1.740877418616 0.147123607546 0.908946401241 0.005108075752 -0.002377403748 0.167643455461 0.985831591782
1627643540.126606464386 1.805069204838 0.160252274806 0.914137591829 0.011377719414 0.009684076249 0.172853440870 0.984834226734
1627643540.225884675980 1.804544990079 0.194096558665 0.905210506977 0.000941522574 -0.005967089166 0.162902359912 0.986623701579
1627643540.326235771179 1.858497148262 0.204584124307 0.912707330756 0.003284068527 0.012426580315 0.160056702617 0.987024136961
1627643540.426244735718 1.848924594228 0.208837061638 0.913956889800 -0.000939192735 -0.003073005591 0.158196475696 0.987402425372
1627643540.526482105255 1.880310837224 0.204928327858 0.916896603425 0.006496200548 0.015959935809 0.156807482521 0.987478857117
1627643540.626661300659 1.844075503527 0.207183099284 0.916578196641 0.000855967976 0.000634154092 0.161216900053 0.986918424341
1627643540.727197170258 1.850940673353 0.194172657265 0.927169714329 0.004984520870 0.010641933821 0.159354355691 0.987151504643
1627643540.827229976654 1.800924241169 0.188983878178 0.921255568341 0.003042235380 -0.005615998104 0.172833173253 0.984930403426
1627643540.927223682404 1.803714088885 0.185944422215 0.917559251114 0.001788829452 0.014501416413 0.166682268092 0.985902394010
1627643541.032511472702 1.722936144243 0.161773699189 0.914360110621 0.000254377761 -0.008634394934 0.194241461014 0.980915713677
1627643541.127867221832 1.726940194200 0.151665717847 0.923254086571 0.004971663402 0.013180776067 0.183435140190 0.982930871958
1627643541.227802991867 1.651979594622 0.115962599402 0.919519652642 0.007487635918 -0.009682603350 0.217980525642 0.975876361504
1627643541.328004837036 1.643182501504 0.115757230680 0.919317978415 0.002637796617 0.009591814787 0.210598244798 0.977522080777
1627643541.428205490112 1.580536714706 0.084504908068 0.919030766222 0.003785318525 -0.003319109243 0.241845831734 0.970301627614
1627643541.528803825378 1.550725417354 0.078760981433 0.918184461277 0.000330512026 0.006052590207 0.238842424303 0.971039419008
1627643541.631299972534 1.494823931830 0.037082797618 0.920141270551 0.000462477455 -0.001331226330 0.268911971445 0.963163727289
1627643541.728872299194 1.455827992992 0.008883115230 0.919936679998 0.003163798724 0.004600970974 0.271494805803 0.962423707036
1627643541.829058647156 1.403821309835 -0.027382182049 0.915735169138 0.003428443499 0.001126386732 0.292609365923 0.956225253799
1627643541.929183959961 1.358975796960 -0.061570642405 0.909200778428 0.001955420856 0.003337517335 0.286287037888 0.958136091192
1627643542.029433727264 1.313894177910 -0.105005969949 0.906942850803 0.004715872415 0.004820610950 0.294345434476 0.955675304411
1627643542.129611015320 1.264110524315 -0.145626218190 0.909514556889 0.005921539951 0.001241684899 0.268494554491 0.963262200957
1627643542.230115890503 1.225033530113 -0.175347340738 0.911846310556 0.006190057365 0.003491582842 0.272015867758 0.962266522190
1627643542.330035209656 1.179823158134 -0.207645284007 0.916154207106 0.007537005376 0.005145894799 0.243404798799 0.969881857361
1627643542.432762861252 1.134684451140 -0.227653615271 0.909978009537 0.002462402321 0.006393534278 0.242694706019 0.970078522061
1627643542.530365943909 1.083072751188 -0.249846108021 0.916637611547 0.004449812131 0.004740497435 0.214181862539 0.976772162080
1627643542.630546092987 1.028979666284 -0.259451376512 0.908678459359 0.003641440999 0.008880990859 0.209453089706 0.977771584329
1627643542.730741977692 0.978030386144 -0.286502379322 0.913149350737 0.007405242266 0.006596608681 0.199119048337 0.979925125574
1627643542.830958843231 0.927314921114 -0.298707576899 0.906496484942 0.001988708012 0.009590097335 0.208347707087 0.978005781182
1627643542.931324481964 0.876755092028 -0.329249162571 0.905972131594 0.008053280939 0.005878536475 0.207690210495 0.978143836018
1627643543.031331062317 0.817151821971 -0.344214663800 0.903950042073 0.003319328014 0.005457816067 0.219733965985 0.975538916957
1627643543.132166862488 0.771833988957 -0.383330301484 0.910642648084 0.011216717572 0.005903929247 0.220583368848 0.975285756204
1627643543.231725692749 0.707066317828 -0.386578643441 0.902972256699 -0.001949756214 0.006358640751 0.236053700923 0.971717251272
1627643543.331948280334 0.664907932642 -0.440705485330 0.905816193729 0.013397960148 0.005883328120 0.235603686968 0.971739051290
1627643543.432121753693 0.589278764478 -0.445808140536 0.898892086978 -0.000720257132 0.001856871252 0.251953222008 0.967737364773
1627643543.534113883972 0.542678387133 -0.503122203548 0.918995506514 0.011894089161 0.003485506381 0.252949911754 0.967399981410
1627643543.632502317429 0.473625284760 -0.511866164076 0.905032096601 -0.002113752170 -0.003382090675 0.269681930032 0.962941197649
1627643543.732698917389 0.452001696518 -0.563335372417 0.911541857291 0.011303986636 0.002528965879 0.263202861599 0.964670968706
1627643543.834934473038 0.394530836511 -0.566198054005 0.910269465962 0.000120631238 -0.003251800668 0.272557671039 0.962133944520
1627643543.933161258698 0.383839203065 -0.600339274605 0.910764755797 0.009831101778 0.002218748127 0.267398918072 0.963533209188
1627643544.033298969269 0.349178321018 -0.602322587042 0.908397929493 0.002255733354 -0.002397620314 0.276552324087 0.960993223247
1627643544.134065628052 0.333830990778 -0.624441171837 0.909477234530 0.009479100070 -0.001108827711 0.268356025588 0.963272526699
1627643544.233682155609 0.321556352142 -0.613230419585 0.912908684894 0.002586477611 -0.002681058927 0.278462073541 0.960440001070
1627643544.333914279938 0.338069684534 -0.619985918230 0.907290579412 0.008344824300 0.000841031934 0.268256653974 0.963310969610
1627643544.434322834015 0.346098710103 -0.606383171189 0.906318136301 0.003367133278 -0.002788620130 0.275713628951 0.961229879281
1627643544.535943031311 0.383141060191 -0.595302258082 0.903726650632 0.006225853854 0.001890315088 0.268124353933 0.963362339040
1627643544.640655994415 0.395717718413 -0.573427308784 0.913016993943 0.002961642088 -0.005585262799 0.273094977084 0.961966302428
1627643544.734669208527 0.442452616645 -0.554948797393 0.910357359707 0.007666548540 0.001111104686 0.269566098106 0.962950729909
1627643544.837721824646 0.474631234439 -0.521392074754 0.910285662221 0.003011787488 -0.004740398084 0.269831386471 0.962891209139
1627643544.935181140900 0.527003328354 -0.502360437390 0.917503721787 0.006773621093 0.002118682522 0.269322965486 0.963023763727
1627643545.035563945770 0.567523906517 -0.470719375052 0.909138598320 0.003761047946 -0.001892133056 0.267203056208 0.963631050301
1627643545.136685371399 0.636280937264 -0.443752735910 0.914600328633 0.008103061737 0.003845290451 0.266786870442 0.963713816385
1627643545.235665082932 0.674540781331 -0.395707049348 0.912044780701 0.000227960120 -0.001488750309 0.265455557060 0.964121921171
1627643545.337716102600 0.738680608658 -0.385026851699 0.910136144782 0.013031087486 0.004934697645 0.268054114824 0.963303083689
1627643545.436358928680 0.778102724766 -0.338667846043 0.895577225487 -0.001857033789 -0.000499876641 0.255738277518 0.966744141415
1627643545.536227941513 0.848117409664 -0.337074702296 0.902186574104 0.012017020766 0.008006143182 0.255949443110 0.966582316957
1627643545.636430740356 0.880076227890 -0.291312818814 0.891880904492 0.003274590455 -0.000249074849 0.233426184030 0.972368979158
1627643545.745108127594 0.956112143865 -0.273091948566 0.910433830571 0.013063005268 0.009636295241 0.236615228627 0.971467824114
1627643545.836820125580 0.991152471012 -0.227522957461 0.901995991128 0.004298712349 -0.000738313389 0.206943507333 0.978343171253
1627643545.938580989838 1.059572388011 -0.191100537000 0.903411610950 0.003781514467 0.008973470833 0.207933510638 0.978094490386
1627643546.037516593933 1.095699187312 -0.174687990625 0.904696648092 0.005982208597 -0.003979830437 0.181634487794 0.983339863411
1627643546.137496948242 1.178839872315 -0.139922173054 0.911725135672 0.004939204439 0.007167551824 0.181486518242 0.983354907527
1627643546.237792491913 1.217199283958 -0.114874320156 0.917534591985 0.005097247085 -0.002185038066 0.154299345444 0.988008580771
1627643546.337963581085 1.297199218039 -0.092171318856 0.913467597467 0.007185843353 0.004028178495 0.151026984083 0.988495314866
1627643546.437989950180 1.338583056797 -0.062621991593 0.911214388990 0.001774366163 -0.000530750622 0.125456300750 0.992097417863
1627643546.538201808929 1.415654814404 -0.042756283686 0.913761013484 0.005440035134 0.005710561489 0.125312312098 0.992085994227
1627643546.638388395309 1.455701333844 -0.016993255778 0.911243053334 0.001673468678 -0.003138951556 0.096357276884 0.995340455160
1627643546.740731239319 1.539503775263 -0.006001892507 0.910339759896 0.007044055753 0.007566145191 0.095756831762 0.995351075700
1627643546.838907480240 1.588175173278 0.012330405816 0.902906299278 0.003006024879 0.002862212384 0.066597120647 0.997771314018
1627643546.941071033478 1.653570007445 0.016267641229 0.904780717269 0.008118766555 0.003923633952 0.068338998422 0.997621407158
1627643547.039167881012 1.703570096805 0.044057405766 0.907251823525 0.002859952836 0.001568126374 0.035988955036 0.999346865090
1627643547.141352176666 1.773961457918 0.042663927738 0.904656063045 0.008784057549 0.004359399307 0.040210577571 0.999143105577
1627643547.239580154419 1.818141252660 0.072180221241 0.914008853716 0.003573779884 -0.000322737056 0.007551374540 0.999965049730
1627643547.339765071869 1.906741135568 0.061320177399 0.909846854558 0.004656883090 0.012029128987 0.021878309471 0.999677424508
1627643547.439971446991 1.945526435389 0.056937522558 0.910146305669 0.003041257090 -0.000696410512 0.012546238794 0.999916425338
1627643547.541648864746 2.014688739813 0.046589457886 0.915062603718 0.007382264240 0.008612644192 0.035118957230 0.999318759645
1627643547.640345573425 2.044776123990 0.048761280298 0.924820016558 0.007333398272 -0.000736816382 0.028117947640 0.999577440418
1627643547.740539789200 2.093071825660 0.049888557747 0.926990935239 0.004569517485 0.008279877653 0.052306755226 0.998586283950
1627643547.840745925903 2.090333551650 0.051513603811 0.927885710621 0.004100438701 0.002789118853 0.044617893577 0.998991817179
1627643547.940932750702 2.095861387025 0.055794799027 0.927768610733 0.003127158929 0.010172662676 0.058066123610 0.998256010801
1627643548.041132450104 2.081013845110 0.044685272702 0.925803049959 0.008958509802 0.001060853838 0.041348598360 0.999104055194
1627643548.141318798065 2.080045850146 0.057089393014 0.913419148449 0.004791310450 0.007784120715 0.050946708955 0.998659543416
1627643548.241562843323 2.052391307976 0.057065787975 0.916306596813 0.004209182734 0.004187412335 0.028737614119 0.999569356220
1627643548.341724395752 2.019626672398 0.052290005591 0.923276809516 0.003912386170 0.009022789862 0.035422546179 0.999324034395
1627643548.442763328552 1.953819142611 0.057825365388 0.925274683556 0.007653620382 0.001853636217 0.007389076339 0.999941692139
1627643548.542116880417 1.926974906201 0.056546621863 0.930377722385 0.005293731143 0.007559176116 0.013641158942 0.999864367827
1627643548.642291307449 1.876095395193 0.058103056635 0.921684647785 0.007664250603 0.005172784568 -0.021755910470 0.999720551915
1627643548.742535829544 1.837334177812 0.068050891504 0.917763977964 0.004245928083 0.003769240979 -0.013231464403 0.999896341261
1627643548.842702865601 1.795122196742 0.067254000595 0.914253032669 0.006279624615 0.008332250562 -0.052756788540 0.998552883516
1627643548.943506240845 1.736973575267 0.063889602809 0.909805134376 0.006276516140 0.007611165960 -0.051106177283 0.998644498378
1627643549.043147802353 1.664557535699 0.079666027950 0.900527990155 0.004875341916 0.004663054285 -0.087691876357 0.996124802315
1627643549.143281459808 1.620670882573 0.091206597726 0.903831163364 0.005987670128 0.009834638062 -0.083948840225 0.996403542710
1627643549.243498325348 1.551313985672 0.094407166689 0.910267263279 0.009220525009 0.004127014724 -0.120790221063 0.992626652958
1627643549.343804597855 1.523414133342 0.110674186418 0.912014688782 0.007252864732 0.009756942932 -0.119658890917 0.992740624656
1627643549.443978309631 1.451567005549 0.142127513315 0.915639343501 0.005002512995 0.001153134252 -0.153965394663 0.988062904066
1627643549.544057846069 1.419596328534 0.153149876283 0.914997143040 0.009699419818 0.014282435126 -0.156147989009 0.987582775685
1627643549.644251108170 1.347214303692 0.179172788591 0.912933521037 0.005944726834 0.000421176476 -0.185021107817 0.982716476149
1627643549.744445800781 1.325194079641 0.184247101192 0.910599987663 0.008791604469 0.016871496750 -0.192443645557 0.981123592405
1627643549.845980644226 1.264178978667 0.214628537955 0.904859614352 0.007496107660 0.005762374496 -0.212043722959 0.977214440624
1627643549.944839000702 1.232639950413 0.226952443557 0.915285663469 0.005856497935 0.014748202508 -0.202256641454 0.979203984338
1627643550.046426296234 1.166320952809 0.256697007641 0.914124102251 0.006302678881 0.004327817237 -0.214364264844 0.976723864864
1627643550.145269155502 1.134000965499 0.278379979394 0.915702332180 0.004910508015 0.014865441219 -0.189467511033 0.981762174781
1627643550.245444536209 1.062161126468 0.296379689484 0.915950653261 0.008094184924 0.005458512873 -0.203957409220 0.978931082371
1627643550.345624446869 1.042813426882 0.321879005852 0.913140366370 0.006057681122 0.016355278132 -0.173077017825 0.984753855173
1627643550.446139812469 0.958467109379 0.341773717142 0.908356120444 0.004969903306 0.007282508480 -0.187961456803 0.982136831550
1627643550.546011209488 0.926815056645 0.362800682012 0.911857975240 0.004668567392 0.016406017372 -0.159191384753 0.987100374882
1627643550.646284580231 0.846090061000 0.385527008480 0.925506839427 0.003951480899 0.005506812039 -0.167932591221 0.985775180062
1627643550.746411323547 0.818230888096 0.401944210894 0.926806442581 0.002468943533 0.014254705541 -0.148150020085 0.988859079564
1627643550.846614360809 0.746606510427 0.417531112698 0.923159346639 0.005014882959 0.004763299358 -0.152736674940 0.988242718190
1627643550.946801900864 0.701269525580 0.431668918647 0.922877578409 0.003325092340 0.011696078605 -0.135516615559 0.990700455442
1627643551.051650047302 0.631374472044 0.431263244118 0.922405265938 0.011076165053 0.004083495373 -0.143008641733 0.989651035478
1627643551.147204399109 0.594521460828 0.465715671428 0.923309928454 0.004537529172 0.012923292432 -0.126445141507 0.991879037752
1627643551.247587680817 0.511825197310 0.485675440026 0.925346752355 0.006107052226 -0.000525915688 -0.132817000447 0.991121623071
1627643551.347588300705 0.476313770750 0.502468670656 0.926882683036 0.003992655121 0.012855481781 -0.120956796639 0.992566495828
1627643551.447789669037 0.396283563132 0.513823562129 0.924613860328 0.003933580134 0.001481017266 -0.123928341684 0.992282268139
1627643551.548006057739 0.358751567888 0.526420319816 0.924382650573 0.002462231242 0.011739718030 -0.115011436361 0.993291742614
1627643551.650903701782 0.284713524385 0.540849318782 0.924469735338 0.006665754702 -0.000667499611 -0.114564556197 0.993393217524
1627643551.748403072357 0.249580512265 0.559768335077 0.921685508455 -0.000630763524 0.010064313282 -0.112480954067 0.993602710699
1627643551.848566055298 0.178768065366 0.562593030058 0.925007512333 0.003909653816 -0.000132865868 -0.109042524253 0.994029388327
1627643551.948756217957 0.145794134113 0.564262717541 0.926925910605 0.003611164305 0.006208875036 -0.106922122724 0.994241454092
1627643552.048949956894 0.096166688385 0.568310183283 0.924428690211 0.004133862462 -0.000990023683 -0.103401419157 0.994630623674
1627643552.149152040482 0.074710772137 0.578296590409 0.926641562245 0.003440735328 0.007555852349 -0.103195162716 0.994626477039
1627643552.249503135681 0.038982453148 0.589023316303 0.922623106855 0.003619918758 -0.001362810158 -0.100022506396 0.994977656609
1627643552.349665164948 0.044566929865 0.595749305979 0.926802236652 0.002831762567 0.008166065489 -0.102457530860 0.994699829529
1627643552.449732303619 0.021575603775 0.586599204097 0.925129275539 0.006617524309 -0.002613260914 -0.098464438641 0.995115135832
1627643552.550303459167 0.039519170287 0.589854735088 0.924502427586 0.002743742493 0.010534513697 -0.099854021276 0.994942546247
1627643552.650333642960 0.013435861366 0.592963467304 0.926695223039 0.004566176406 -0.001605019632 -0.098618266123 0.995113567153
1627643552.750332593918 0.040882271977 0.591637011742 0.920974038168 0.004645918769 0.011670831572 -0.101305015764 0.994776105920
1627643552.850528001785 0.026253957847 0.596743991792 0.923142613841 0.002942113740 -0.002650166228 -0.099201005415 0.995059536465
1627643552.950719356537 0.049569586257 0.582548115061 0.917573027932 0.008184021955 0.011019073454 -0.102472837067 0.994641100834
1627643553.050913572311 0.039813116405 0.597965828570 0.922402823179 0.002346220682 0.001007710960 -0.097838341537 0.995199044761
1627643553.151115417480 0.045180145513 0.585055725086 0.926020847728 0.007323316839 0.007755041954 -0.100975254285 0.994831757825
1627643553.251416683197 0.034832389471 0.587811587032 0.924308829799 0.006317241914 0.000741309314 -0.099017633474 0.995065350204
1627643553.351562023163 0.051020291942 0.589789415648 0.919792464401 0.004621874797 0.008086500498 -0.101082416844 0.994834454464
1627643553.451689243317 0.035433578767 0.592511801704 0.920243813403 0.003094299799 -0.000417399597 -0.098387714030 0.995143260448
1627643553.551887035370 0.047153283520 0.592162643061 0.917245490631 0.004216976857 0.007632332999 -0.101327804398 0.994814877580
1627643553.652483224869 0.036788505392 0.594206503370 0.916411218266 0.004034361799 0.002209073448 -0.098046472265 0.995171207982
1627643553.752276659012 0.044579706902 0.590873273748 0.915334143762 0.005352889900 0.006889791189 -0.101936060818 0.994752691302
1627643553.852473735809 0.035353574152 0.594686060383 0.916434469401 0.004334255346 0.003296730294 -0.099319133357 0.995040730598
1627643553.952680110931 0.041684078933 0.594878398338 0.914029354484 0.004367968361 0.007067109518 -0.100981751073 0.994853588608
1627643554.052943706512 0.037334734608 0.589069074213 0.917740558677 0.004049838687 0.001596739592 -0.099825943780 0.994995392038
1627643554.153186321259 0.045901582683 0.591271865638 0.913687749216 0.004925055576 0.007110978546 -0.101656330521 0.994781970221
1627643554.253282308578 0.044569944232 0.592245032948 0.922642342578 0.004641116611 0.002513279286 -0.099087453714 0.995064731553
1627643554.353514671326 0.045490560939 0.592446197096 0.920800265542 0.003051495333 0.006791612110 -0.101488307791 0.994808868961
1627643554.453722000122 0.031049568152 0.597415541376 0.915046360850 0.004142600956 0.002243973515 -0.100138560970 0.994962347050
1627643554.554031848907 0.040077407748 0.593705365914 0.916940033123 0.002462189509 0.006272204455 -0.100224228476 0.994942059167
1627643554.656106472015 0.036252833242 0.586511994836 0.914462071694 0.008439095223 0.004243400680 -0.101358863623 0.994805084420
1627643554.756898880005 0.043974669909 0.600604065562 0.915265422842 0.001727550450 0.005377794933 -0.097352134573 0.995233970876
1627643554.854441165924 0.035048919465 0.588160127477 0.916085876033 0.006814176492 0.004806089525 -0.102472682014 0.994700868575
1627643554.954649209976 0.043303370684 0.597801777014 0.919182460595 0.000854928230 0.005889112362 -0.097744036061 0.995193795634
1627643555.056399822235 0.034523536339 0.592696717901 0.923045868161 0.005783315993 0.003159634080 -0.101937694315 0.994768956314
1627643555.155305385590 0.047410424246 0.589443685056 0.924876001917 0.003859364335 0.006296070800 -0.098308549702 0.995128581569
1627643555.255277395248 0.035225225737 0.593521426372 0.925014767716 0.005204408280 0.000669254762 -0.102673276477 0.994701294123
1627643555.355509519577 0.030651890186 0.593617454721 0.923708071367 0.005669130053 0.000163245643 -0.103642801359 0.994598413452
1627643555.455602169037 0.026084918517 0.593713349445 0.922403193310 0.006133197110 -0.000342059587 -0.104610829998 0.994494264003
1627643555.557649374008 0.025477314857 0.594135398934 0.923256734493 0.005610293802 -0.001042833638 -0.105543247354 0.994398340726
1627643555.656277179718 0.024890070789 0.594543306383 0.924081675206 0.005104903177 -0.001720124526 -0.106444256471 0.994304078941
